0.047668,0.042322,0.047415,0.04855,0.04736,0.046996,0.047076,0.046715,0.046758,0.047225,0.046723,0.046844,0.047228,0.046745,0.046809,0.047129,0.041753,0.046858,0.041835,0.047253,0.047686,-0.64343,0.048264,0.047734,0.052184,0.041491,0.046798,0.047127,0.35709,0.046796,0.047306,0.046867,0.046871,0.048048,0.046788,-0.004056
0.026345,0.026626,0.02638,0.027357,0.02651,0.02665,0.02637,0.026961,0.026921,0.027253,0.024067,0.026946,0.026756,0.026831,0.026811,0.027325,0.026819,0.026912,0.027131,0.027,0.026871,-0.60485,0.027461,0.027079,0.026397,0.026957,0.026812,0.026854,0.24104,0.026877,0.026424,0.02694,0.026876,0.026973,0.026887,0.17687
-0.53338,-0.53328,-0.47906,-0.53248,-0.53414,-0.53391,-0.53331,-0.53327,-0.53337,-0.5311,-0.53514,-0.59287,-0.53409,-0.53392,-0.53424,-0.5332,-0.53564,-0.53417,-0.53115,-0.53316,-0.53069,-0.80857,-0.53437,-0.53175,-0.53367,-0.53546,-0.53521,-0.47876,0.457,-0.5357,-0.53402,-0.5337,-0.53421,-0.533,-0.53548,-0.21335
0.24214,0.26566,0.27864,0.27171,0.26868,0.28083,0.26838,0.26564,0.27691,0.27347,0.26676,0.28292,0.27539,0.27385,0.27876,0.28272,0.27388,0.27879,0.27343,0.28921,0.28291,0.49737,0.28292,0.28914,0.29708,0.2674,0.27752,0.28086,0.35328,0.27605,0.28423,0.27568,0.28113,0.28833,0.26983,0.40231
0.047275,0.047158,0.047427,0.047104,0.047265,0.047226,0.047202,0.047046,0.052422,0.047085,0.047048,0.047169,0.047463,0.047132,0.047562,0.047354,0.047177,0.047456,0.047167,0.047073,0.047488,0.22726,0.047072,0.047142,0.04707,0.047047,0.047335,0.047071,0.19389,0.047061,0.047233,0.047059,0.047518,0.047139,0.047069,0.17544
0.037831,0.037173,0.037556,0.039541,0.03782,0.037537,0.037744,0.036832,0.03594,0.039714,0.037596,0.036744,0.037538,0.036705,0.035885,0.038572,0.036057,0.036076,0.039261,0.037062,0.038871,0.21186,0.040249,0.037002,0.037823,0.037267,0.037649,0.039207,0.35711,0.04012,0.036749,0.036387,0.036117,0.03886,0.037585,0.68652
-0.27542,-0.26947,-0.26991,-0.27318,-0.27438,-0.26616,-0.26829,-0.26739,-0.26841,-0.26699,-0.26523,-0.26517,-0.27088,-0.26843,-0.26858,-0.26622,-0.26573,-0.26567,-0.26829,-0.26674,-0.23673,0.53895,-0.26415,-0.26483,-0.2732,-0.26676,-0.26564,-0.29388,-0.25429,-0.26371,-0.2715,-0.2656,-0.26596,-0.26539,-0.26448,-0.25572
-0.68406,-0.60201,-0.60602,-0.60955,-0.61016,-0.61492,-0.6071,-0.60134,-0.60076,-0.60116,-0.60445,-0.6063,-0.60047,-0.59676,-0.59477,-0.59491,-0.59536,-0.59637,-0.59948,-0.59912,-0.59647,-0.05398,-0.59716,-0.60586,-0.6098,-0.60568,-0.60495,-0.5969,0.44824,-0.61387,-0.61299,-0.60734,-0.60763,-0.5975,-0.61012,0.35369
0.18067,0.17887,0.17343,0.18129,0.167,0.16246,0.18034,0.17672,0.1745,0.16182,0.16746,0.16756,0.17819,0.17283,0.17262,0.17818,0.16562,0.16292,0.18096,0.17815,0.17366,0.35718,0.16698,0.16478,0.19318,0.16506,0.14936,0.17808,0.17833,0.15803,0.16154,0.17555,0.16691,0.15935,0.15794,0.27328
-0.11221,-0.11224,-0.11124,-0.11189,-0.11182,-0.11544,-0.11719,-0.10205,-0.1173,-0.11392,-0.11423,-0.11679,-0.11184,-0.11132,-0.11065,-0.11082,-0.11037,-0.11581,-0.11148,-0.11372,-0.11078,0.16087,-0.11005,-0.11126,-0.10958,-0.11547,-0.10983,-0.11057,-0.10491,-0.11513,-0.11296,-0.11685,-0.11131,-0.11317,-0.1142,0.19569
-0.19293,-0.19304,-0.19324,-0.19275,-0.19177,-0.19319,-0.19425,-0.19473,-0.19489,-0.19226,-0.1928,-0.19473,-0.19542,-0.19583,-0.22191,-0.19448,-0.19376,-0.19476,-0.19278,-0.19363,-0.19494,-0.41669,-0.19185,-0.19454,-0.1925,-0.1917,-0.19199,-0.1918,-0.30277,-0.1921,-0.1937,-0.19473,-0.19505,-0.19435,-0.19393,-0.21649
0.16472,0.16537,0.16296,0.15976,0.165,0.16792,0.15624,0.17691,0.17676,0.1693,0.16948,0.18033,0.16052,0.16017,0.15915,0.15872,0.14298,0.16678,0.16222,0.16189,0.15814,-0.19215,0.15842,0.17758,0.16487,0.1707,0.16075,0.16362,-0.019684,0.19181,0.16995,0.17732,0.17736,0.16187,0.17162,0.66255
0.094842,0.094041,0.083432,0.089521,0.090429,0.079676,0.081679,0.079214,0.0789,0.082302,0.07888,0.079232,0.082462,0.079072,0.07861,0.080797,0.078558,0.079001,0.077238,0.083654,0.079981,0.48198,0.082754,0.083721,0.088189,0.079178,0.087022,0.081856,0.039979,0.06981,0.08526,0.079245,0.079143,0.082032,0.079117,0.1558
0.33595,0.33612,0.33773,0.3308,0.33785,0.35077,0.33634,0.33816,0.3382,0.33687,0.33817,0.35199,0.33715,0.37369,0.33821,0.33475,0.3735,0.35934,0.29652,0.33736,0.33291,0.73337,0.33777,0.34543,0.33734,0.33817,0.33817,0.33544,0.33604,0.34062,0.35581,0.35727,0.37416,0.3534,0.36055,-0.01504
0.46007,0.48408,0.484,0.51532,0.46191,0.50837,0.48775,0.51784,0.51946,0.51786,0.43576,0.4613,0.56337,0.51814,0.52093,0.5187,0.47651,0.51769,0.46451,0.51823,0.52003,0.55354,0.48632,0.51537,0.51024,0.46711,0.49689,0.51764,0.28144,0.50343,0.49602,0.51746,0.51988,0.57318,0.49181,0.5298
0.063541,0.062989,0.063309,0.06324,0.068075,0.063538,0.063251,0.060754,0.061995,0.062764,0.063376,0.061922,0.063166,0.061626,0.063038,0.063041,0.066649,0.062209,0.063214,0.062657,0.063045,-0.73695,0.067083,0.062826,0.069417,0.069728,0.0636,0.063472,-0.011662,0.06455,0.06256,0.061721,0.062179,0.063084,0.067618,0.45549
0.11244,0.11283,0.11253,0.11271,0.11291,0.11324,0.1125,0.11359,0.1133,0.11331,0.11358,0.11364,0.11255,0.11304,0.11288,0.11284,0.11325,0.11372,0.11257,0.12598,0.11288,0.040354,0.11328,0.11325,0.113,0.11357,0.11342,0.11333,0.53947,0.11377,0.12538,0.11392,0.11303,0.11384,0.1136,0.28664
0.40242,0.44436,0.44733,0.42585,0.45,0.44683,0.43913,0.43477,0.43654,0.4294,0.4388,0.43466,0.44531,0.44188,0.44197,0.47008,0.44044,0.43558,0.43914,0.43048,0.44117,-0.4077,0.43546,0.42222,0.44861,0.43828,0.44083,0.42389,0.86621,0.43721,0.43919,0.43476,0.43661,0.42508,0.4388,-0.47626
0.0074295,0.0074786,0.0073339,0.0074518,0.0073453,0.0084611,0.007519,0.0076437,0.0072454,0.0076415,0.0074501,0.0076614,0.0073499,0.0074606,0.0072018,0.0075912,0.0072327,0.0072906,0.0075467,0.0067745,0.0072353,-0.60035,0.0074097,0.0076935,0.007393,0.0076055,0.0072711,0.0075128,0.31663,0.0079829,0.0079215,0.008036,0.0074928,0.0080245,0.0075842,0.83908
0.25676,0.26191,0.25888,0.26169,0.22848,0.25702,0.26664,0.27052,0.3041,0.27075,0.2692,0.26596,0.3066,0.29739,0.31143,0.29958,0.3108,0.29073,0.27001,0.27065,0.2901,0.23519,0.26826,0.26249,0.29097,0.27046,0.27185,0.26635,-0.26284,0.25835,0.25768,0.23819,0.2767,0.26076,0.25858,-0.2228
0.034208,0.034159,0.033771,0.036367,0.030547,0.034126,0.034148,0.034048,0.033723,0.036499,0.033087,0.034051,0.0341,0.033883,0.033719,0.034067,0.033364,0.03379,0.036535,0.036514,0.035334,-0.25861,0.036978,0.036003,0.032714,0.036507,0.033094,0.033237,-0.70517,0.033835,0.030158,0.034057,0.033948,0.037443,0.032752,-0.5906
-0.14462,-0.13087,-0.12874,-0.13074,-0.14284,-0.13047,-0.13004,-0.1295,-0.12829,-0.14322,-0.13399,-0.12953,-0.12854,-0.12938,-0.12812,-0.12994,-0.12815,-0.12885,-0.1306,-0.12997,-0.13041,0.18193,-0.1406,-0.13024,-0.13141,-0.13672,-0.1318,-0.1384,0.098375,-0.13349,-0.13059,-0.12951,-0.12874,-0.12975,-0.13783,0.22828
0.22223,0.22223,0.22222,0.22223,0.22225,0.22227,0.22223,0.22223,0.22222,0.22223,0.22226,0.22224,0.22223,0.22221,0.22221,0.22222,0.22224,0.22222,0.22223,0.22223,0.22222,-0.381,0.22223,0.22226,0.22224,0.22225,0.22227,0.22225,-0.71136,0.22227,0.22226,0.22226,0.22227,0.22226,0.22227,0.14469
0.06509,0.065019,0.063976,0.062112,0.071775,0.062961,0.064404,0.061695,0.062457,0.061682,0.061933,0.061751,0.064134,0.062936,0.063252,0.062841,0.055683,0.062534,0.062439,0.061573,0.062375,0.24744,0.062121,0.061828,0.06383,0.062173,0.062598,0.061731,0.24956,0.0621,0.063439,0.06177,0.062983,0.061657,0.061996,0.33704
-0.15944,-0.15945,-0.15945,-0.15939,-0.15943,-0.1594,-0.15944,-0.15948,-0.15948,-0.15942,-0.14151,-0.15941,-0.15947,-0.15948,-0.15948,-0.15945,-0.15948,-0.15947,-0.15942,-0.15946,-0.1594,0.089622,-0.15941,-0.1594,-0.15943,-0.15945,-0.15943,-0.15942,0.57382,-0.1594,-0.15941,-0.15947,-0.15947,-0.15939,-0.15942,-0.35078
0.38094,0.37519,0.38113,0.37257,0.42355,0.3711,0.38058,0.37136,0.41576,0.37074,0.38112,0.36667,0.38119,0.3812,0.38242,0.37947,0.38491,0.38024,0.37646,0.37128,0.3781,-0.33111,0.3774,0.36259,0.38108,0.38391,0.38431,0.37134,-0.12435,0.37199,0.37828,0.37092,0.37201,0.36194,0.36729,-0.33961
0.010762,0.010755,0.010825,0.010759,0.010772,0.010765,0.010753,0.010749,0.010779,0.010746,0.010828,0.010765,0.01081,0.010758,0.010841,0.010834,0.01084,0.010825,0.010751,0.010747,0.010749,0.49735,0.010797,0.010751,0.010788,0.010755,0.010835,0.01075,-0.10003,0.010827,0.010765,0.010756,0.01077,0.010767,0.010803,-0.013583
-0.54193,-0.55825,-0.54174,-0.55231,-0.54176,-0.60797,-0.55313,-0.55839,-0.5452,-0.59263,-0.604,-0.55212,-0.60213,-0.55647,-0.4707,-0.50534,-0.54159,-0.54226,-0.65944,-0.58844,-0.55974,0.15921,-0.58013,-0.58277,-0.54186,-0.54664,-0.54155,-0.57344,-0.2253,-0.54234,-0.54384,-0.55341,-0.54528,-0.58678,-0.54558,0.36731
0.27614,0.27714,0.28739,0.27185,0.26995,0.27682,0.27714,0.27721,0.28178,0.27031,0.2766,0.27717,0.2813,0.28425,0.28957,0.27579,0.28893,0.28571,0.27363,0.26931,0.31324,0.78892,0.26784,0.27279,0.27245,0.27519,0.30495,0.26782,-0.065221,0.27508,0.3079,0.27694,0.28411,0.27472,0.27261,0.048872
-0.09123,-0.091401,-0.091469,-0.093162,-0.092878,-0.080843,-0.091325,-0.091429,-0.091507,-0.09559,-0.091847,-0.089865,-0.091428,-0.091512,-0.091556,-0.094861,-0.10334,-0.099861,-0.091696,-0.094267,-0.092511,0.067927,-0.094926,-0.089879,-0.092144,-0.092487,-0.093824,-0.1057,0.32886,-0.090899,-0.0892,-0.088872,-0.088008,-0.088146,-0.082178,-0.66818
-0.078161,-0.086607,-0.078975,-0.077794,-0.078275,-0.078866,-0.078616,-0.079872,-0.079947,-0.078144,-0.079086,-0.07985,-0.07959,-0.079904,-0.090017,-0.078039,-0.079659,-0.079971,-0.078135,-0.078685,-0.078285,0.46724,-0.078152,-0.078449,-0.086816,-0.079665,-0.079664,-0.077815,-0.50482,-0.079129,-0.079134,-0.079773,-0.080042,-0.078735,-0.079413,0.82372
-0.15731,-0.15798,-0.15957,-0.1603,-0.14177,-0.16428,-0.15863,-0.16511,-0.16437,-0.16395,-0.16249,-0.16486,-0.15982,-0.16312,-0.1626,-0.17944,-0.16141,-0.16402,-0.15946,-0.16154,-0.16113,-0.25099,-0.1607,-0.16361,-0.15942,-0.16435,-0.16207,-0.16062,-0.79936,-0.16093,-0.15959,-0.16478,-0.16293,-0.16138,-0.16101,-0.71256
0.12585,0.10374,0.11673,0.12686,0.12275,0.12262,0.10813,0.11677,0.11009,0.12042,0.11838,0.11711,0.12149,0.11355,0.10998,0.11944,0.11315,0.11219,0.12589,0.127,0.1133,-0.73396,0.1256,0.1224,0.1222,0.13103,0.1143,0.12168,-0.15549,0.11883,0.11766,0.11719,0.11244,0.11858,0.11774,0.039515
-0.033103,-0.032969,-0.033104,-0.032866,-0.033114,-0.031335,-0.032679,-0.03183,-0.035676,-0.032016,-0.032548,-0.031638,-0.033105,-0.032384,-0.033109,-0.032329,-0.036814,-0.032438,-0.032674,-0.031943,-0.032407,0.57025,-0.032647,-0.032007,-0.033119,-0.033013,-0.033111,-0.032665,-0.065727,-0.032801,-0.032638,-0.031756,-0.031809,-0.032021,-0.031789,-0.35462
-0.15989,-0.16039,-0.16849,-0.15481,-0.17632,-0.16409,-0.17035,-0.17974,-0.18008,-0.1488,-0.17839,-0.20245,-0.17892,-0.18096,-0.18232,-0.17655,-0.17941,-0.18226,-0.15538,-0.16554,-0.17262,0.30007,-0.17802,-0.17432,-0.1732,-0.17892,-0.18001,-0.15856,-0.74544,-0.16147,-0.16281,-0.18026,-0.18204,-0.17065,-0.18042,-0.3424
0.31562,0.31562,0.31563,0.3156,0.31563,0.31563,0.31562,0.31563,0.31565,0.31563,0.31564,0.31563,0.31563,0.31564,0.31565,0.31561,0.31564,0.31565,0.31561,0.31559,0.35325,0.41226,0.31562,0.35559,0.31562,0.31564,0.31565,0.3156,0.15723,0.31564,0.31563,0.31563,0.31564,0.31559,0.31564,-0.1384
0.34121,0.35265,0.31274,0.34059,0.34331,0.3282,0.34418,0.36307,0.35259,0.36161,0.35763,0.33958,0.34616,0.35863,0.34963,0.34123,0.35349,0.33045,0.34028,0.33975,0.34214,0.3019,0.34736,0.33323,0.34394,0.36011,0.35305,0.35285,-0.073986,0.3377,0.32463,0.3295,0.33648,0.32974,0.35058,0.5666
0.1804,0.17756,0.17982,0.18026,0.15472,0.17927,0.17852,0.17651,0.17902,0.17809,0.17225,0.17723,0.17956,0.17845,0.17945,0.17945,0.17167,0.17884,0.18023,0.17837,0.17944,-0.13654,0.17618,0.19644,0.17449,0.17514,0.17649,0.1773,-0.63015,0.17667,0.17862,0.17692,0.17852,0.17853,0.17433,-0.11992
-0.021839,-0.021787,-0.02134,-0.022088,-0.020868,-0.021552,-0.019602,-0.021458,-0.021105,-0.024695,-0.021447,-0.021485,-0.021201,-0.020991,-0.020796,-0.023916,-0.02066,-0.021153,-0.021986,-0.021698,-0.021874,-0.084355,-0.023272,-0.021652,-0.020373,-0.021021,-0.020606,-0.021931,-0.26445,-0.02119,-0.021781,-0.021489,-0.021293,-0.021958,-0.021144,0.0055217
-0.39821,-0.40394,-0.41654,-0.39889,-0.40954,-0.46503,-0.42216,-0.43146,-0.44764,-0.41172,-0.432,-0.43953,-0.42275,-0.44226,-0.45024,-0.43946,-0.43857,-0.45805,-0.3999,-0.42842,-0.41165,0.60753,-0.41019,-0.45698,-0.42676,-0.43162,-0.39355,-0.40592,-0.14693,-0.45373,-0.44551,-0.4602,-0.45262,-0.4372,-0.43783,0.29254
-0.059437,-0.059467,-0.059573,-0.058836,-0.056273,-0.059498,-0.059489,-0.059519,-0.060086,-0.059461,-0.059066,-0.05957,-0.053272,-0.060009,-0.053597,-0.059148,-0.059607,-0.059857,-0.058397,-0.058867,-0.058895,0.39798,-0.055203,-0.05836,-0.058646,-0.054226,-0.0589,-0.057894,-0.70743,-0.058788,-0.059594,-0.059597,-0.059856,-0.058361,-0.056654,0.16084
0.10802,0.10811,0.1097,0.11799,0.10929,0.12,0.10838,0.11056,0.11093,0.11542,0.11079,0.11017,0.11077,0.1109,0.11107,0.11577,0.11093,0.11104,0.10835,0.11267,0.11884,-0.14788,0.11122,0.11354,0.10949,0.12209,0.1109,0.11795,-0.88451,0.096882,0.10886,0.1102,0.11066,0.11116,0.11033,-0.11581
0.096852,0.089929,0.095477,0.096432,0.094681,0.094134,0.095385,0.089199,0.091713,0.09506,0.089346,0.089522,0.096266,0.091129,0.094904,0.083881,0.094833,0.091316,0.109,0.093317,0.095677,-0.36158,0.095021,0.091757,0.096439,0.092396,0.094742,0.095017,-0.017582,0.084656,0.09231,0.089665,0.089983,0.092254,0.092,0.39335
0.13383,0.13382,0.13306,0.13335,0.13329,0.1337,0.13376,0.13373,0.13086,0.14792,0.13364,0.1337,0.12861,0.13262,0.12597,0.13181,0.12688,0.12612,0.13265,0.13317,0.12783,0.71966,0.13201,0.11789,0.13376,0.13215,0.12677,0.13188,0.19495,0.13193,0.13383,0.13372,0.12829,0.14691,0.13255,-0.20616
-0.29454,-0.29401,-0.29581,-0.2939,-0.29468,-0.29372,-0.29232,-0.29019,-0.29293,-0.29354,-0.29418,-0.29358,-0.2962,-0.29462,-0.29871,-0.29597,-0.29472,-0.2967,-0.29415,-0.29178,-0.29467,0.30301,-0.29462,-0.29361,-0.2946,-0.29433,-0.29596,-0.2943,0.51604,-0.29417,-0.29406,-0.32924,-0.2967,-0.29362,-0.29371,-0.10793
0.12974,0.12971,0.12926,0.12876,0.12994,0.13018,0.1293,0.12927,0.12752,0.12868,0.12965,0.11502,0.12748,0.12927,0.14342,0.12785,0.11455,0.12963,0.12936,0.12889,0.12825,-0.20613,0.12958,0.12892,0.1298,0.12973,0.12932,0.1287,-0.29074,0.13045,0.13032,0.13,0.12813,0.1287,0.13039,-0.45165
-0.014175,-0.012661,-0.014334,-0.014123,-0.014903,-0.014179,-0.014186,-0.014198,-0.01428,-0.014141,-0.014739,-0.014215,-0.014298,-0.014211,-0.014334,-0.014262,-0.014511,-0.014313,-0.014154,-0.014185,-0.014212,-0.387,-0.014491,-0.014119,-0.014351,-0.014299,-0.014601,-0.014925,0.055906,-0.014611,-0.014208,-0.014205,-0.014311,-0.014176,-0.014685,-0.26321
0.21837,0.22415,0.21255,0.21182,0.21565,0.19775,0.22088,0.22515,0.21392,0.22164,0.21573,0.2231,0.21767,0.21481,0.21059,0.2108,0.21278,0.2048,0.2133,0.22387,0.21135,0.73071,0.21436,0.20961,0.21783,0.22373,0.21123,0.2122,-0.13351,0.20827,0.21572,0.20401,0.19378,0.20521,0.2099,-0.45871
0.26209,0.2538,0.24661,0.262,0.23734,0.24515,0.23113,0.2272,0.23041,0.24599,0.23073,0.22759,0.21623,0.24282,0.2456,0.25053,0.238,0.23668,0.26199,0.23992,0.24615,-0.094156,0.27378,0.23288,0.2352,0.22876,0.23501,0.24986,0.27519,0.23066,0.26066,0.20018,0.23329,0.23828,0.2299,0.82926
0.013936,0.014008,0.013675,0.014193,0.01391,0.015783,0.013975,0.014054,0.013625,0.014063,0.014025,0.014223,0.013807,0.013843,0.015005,0.013701,0.013733,0.013796,0.014137,0.014262,0.0139,-0.23352,0.0154,0.014286,0.013784,0.013977,0.013585,0.01397,-0.048056,0.014369,0.014022,0.015728,0.014164,0.0143,0.013844,0.19133
-11.666,-11.675,-11.419,-11.418,-11.75,-11.814,-11.876,-11.883,-11.696,-11.653,-11.87,-11.875,-11.577,-11.798,-11.396,-11.383,-11.664,-11.63,-12.517,-11.58,-11.359,0.10598,-11.843,-11.51,-11.85,-11.867,-11.766,-11.462,-0.74105,-11.844,-11.726,-11.846,-11.581,-11.807,-11.835,-0.83743
9.9016,9.8929,9.9017,9.9003,9.8991,9.8959,9.8917,9.8904,9.8996,9.8917,9.8926,9.8902,9.902,9.8922,9.9023,9.8999,9.9008,9.9002,9.8966,9.8939,9.9008,-0.50551,9.8952,9.8914,9.8967,9.8923,9.8958,9.8957,0.16217,9.8908,9.8969,9.8903,9.9021,9.8941,9.8932,-0.016185
-0.10303,-0.10302,-0.10302,-0.10303,-0.10304,-0.10303,-0.10303,-0.10301,-0.10301,-0.10303,-0.090856,-0.10301,-0.10302,-0.10301,-0.10302,-0.10303,-0.10302,-0.10302,-0.10303,-0.10303,-0.10302,-0.11884,-0.10303,-0.10302,-0.10303,-0.10302,-0.10302,-0.10304,0.3677,-0.10304,-0.10302,-0.10302,-0.10302,-0.10302,-0.10303,-0.77439
0.072337,0.071297,0.072305,0.071858,0.072325,0.070509,0.07062,0.069527,0.071949,0.067682,0.070007,0.069528,0.072246,0.069936,0.072199,0.06063,0.072209,0.069806,0.067135,0.067025,0.066247,0.056969,0.067585,0.06693,0.072337,0.070617,0.072218,0.068343,0.63944,0.07121,0.077514,0.069607,0.071133,0.069106,0.063291,0.030575
0.30953,0.34408,0.31719,0.31994,0.30859,0.31039,0.31708,0.32131,0.32087,0.32112,0.3458,0.32321,0.31235,0.31948,0.31808,0.32029,0.31572,0.32542,0.31763,0.32123,0.31934,0.14742,0.28379,0.32567,0.30934,0.32035,0.31195,0.30778,-0.57651,0.32516,0.31632,0.32485,0.32496,0.32428,0.31483,0.27457
1.7648,1.7809,1.7777,1.7736,1.774,1.7484,1.7663,1.7814,1.7848,1.7855,1.7935,1.7718,1.7783,1.7838,1.7869,1.7879,1.795,1.7742,1.7808,1.7833,1.7882,-0.54856,1.7909,1.7779,1.7806,1.797,1.7945,1.7953,0.77457,1.5833,1.7593,1.7648,1.7503,1.592,1.7834,-0.55191
0.13395,0.13291,0.13521,0.12778,0.13512,0.13218,0.13369,0.12685,0.147,0.11387,0.13351,0.12676,0.13524,0.13441,0.13559,0.13186,0.13647,0.13148,0.12864,0.12657,0.12983,0.15284,0.13297,0.11326,0.13735,0.12767,0.1376,0.13733,-0.18005,0.13359,0.13303,0.1267,0.13148,0.1265,0.12921,0.14017
0.15177,0.14964,0.15024,0.13425,0.15454,0.15061,0.1498,0.14915,0.14913,0.1492,0.15433,0.15015,0.14935,0.16728,0.14912,0.15119,0.15036,0.14979,0.15173,0.14996,0.16787,-0.16929,0.15357,0.15074,0.13449,0.15067,0.15478,0.15176,-0.16562,0.15355,0.15083,0.15028,0.14941,0.15063,0.1509,-0.44916
-0.16191,-0.1615,-0.16793,-0.16176,-0.16103,-0.16111,-0.16144,-0.16053,-0.16149,-0.16122,-0.16049,-0.1606,-0.16595,-0.16646,-0.18857,-0.16185,-0.16598,-0.16386,-0.16162,-0.16098,-0.16687,0.028458,-0.14466,-0.1614,-0.16162,-0.1603,-0.1677,-0.16103,0.19077,-0.16068,-0.16173,-0.16073,-0.16661,-0.16125,-0.16069,-0.060762
-0.0056737,-0.0056962,-0.005707,-0.0056603,-0.0056991,-0.0056861,-0.0057241,-0.0051346,-0.0057539,-0.0056927,-0.0057214,-0.005746,-0.0057337,-0.005754,-0.005758,-0.0056378,-0.0057526,-0.0063298,-0.0056282,-0.0056758,-0.0057062,0.84855,-0.0056833,-0.0057101,-0.0057084,-0.0057385,-0.0057259,-0.0057074,-0.045219,-0.0057304,-0.0056797,-0.005739,-0.0063337,-0.0056576,-0.005721,0.37281
-0.0099871,-0.0097749,-0.0096169,-0.010142,-0.0095557,-0.0098034,-0.0099489,-0.0097427,-0.0096366,-0.010059,-0.0095752,-0.0097231,-0.0097042,-0.0096029,-0.0095392,-0.0095933,-0.0094513,-0.0084903,-0.010039,-0.010069,-0.0098805,0.80118,-0.009398,-0.0098292,-0.010977,-0.0095616,-0.009409,-0.0095309,0.11148,-0.0096792,-0.011006,-0.0097267,-0.0095912,-0.0099332,-0.0095069,-0.1429
-4.055,-3.6908,-3.6855,-3.5328,-3.6428,-3.6464,-3.6955,-3.7862,-3.7368,-3.5671,-3.783,-3.7112,-3.6889,-3.727,-3.7226,-3.601,-3.7109,-3.6526,-3.628,-3.6939,-3.6541,0.061692,-3.5948,-3.1843,-3.6433,-3.7339,-3.6875,-3.6059,-0.06033,-3.6421,-3.6476,-3.6972,-3.6916,-3.5559,-3.6467,-0.33255
-0.56787,-0.56813,-0.56985,-0.56744,-0.56785,-0.56772,-0.62533,-0.56814,-0.56916,-0.56782,-0.56794,-0.56756,-0.56887,-0.56949,-0.57102,-0.56899,-0.5687,-0.57068,-0.56786,-0.56755,-0.56883,0.80842,-0.63143,-0.5674,-0.56774,-0.56807,-0.57032,-0.56743,0.0045386,-0.5676,-0.56773,-0.56731,-0.56884,-0.56735,-0.56732,-0.56981
-1001,-217,-219,-218,-216,-215,-219,-215,-216,-217,-1001,-217,-1001,-1001,-1001,-1001,-217,-217,-216,-215,-1001,-1001,-216,-222,-1001,-217,-216,-218,-1001,-219,-218,-216,-1001,-1001,-219,-1001
