0.0068832,0.0068834,0.0068832,0.0068834,0.0066527,0.0070815,0.0068833,0.0068834,0.0068833,0.0068836,0.0068527,0.0069969,0.0068832,0.0068834,0.0068832,0.0068838,0.006636,0.0069435,0.0068832,0.0068837,0.0068837,-0.16098,0.0067353,0.0069791,0.0065233,0.0064949,0.0063621,0.006118,0.28426,0.0055917,0.0070708,0.0069854,0.0069138,0.0069686,0.0061123,-0.00074508
0.019927,0.019927,0.019902,0.019927,0.019927,0.02029,0.017652,0.019927,0.019908,0.019927,0.019927,0.019995,0.019918,0.019913,0.019877,0.019886,0.019907,0.019967,0.019927,0.019927,0.019923,-0.037927,0.019927,0.019956,0.019927,0.019927,0.019923,0.019927,0.77586,0.020296,0.02022,0.019995,0.020086,0.020057,0.020027,-0.067896
-1.0005,-1.0001,-1.0005,-1.0008,-1.0929,-1.006,-1.0002,-0.99995,-1.0004,-1.0002,-0.85296,-1.0033,-1.0005,-1.0001,-1.0005,-1.0008,-0.96586,-1.0042,-1.0006,-1.0002,-1.0008,-0.68138,-0.86473,-1.0061,-0.96106,-0.94038,-0.98902,-0.93122,-0.32708,-0.9951,-1.0015,-1.0074,-1.0046,-1.0064,-0.84348,0.56937
0.54117,0.54384,0.54188,0.56988,0.54142,0.54376,0.54635,0.61043,0.54994,0.57635,0.54589,0.55091,0.54135,0.55021,0.54319,0.58019,0.54305,0.55209,0.56181,0.55687,0.56241,0.023151,0.57779,0.56809,0.54212,0.55016,0.54308,0.56554,-0.16602,0.55128,0.55127,0.55288,0.54934,0.57102,0.55325,-0.3099
0.041195,0.041185,0.041195,0.036504,0.041195,0.045837,0.041188,0.041184,0.041194,0.041187,0.045335,0.041192,0.041195,0.04119,0.045817,0.041195,0.041195,0.041197,0.041195,0.041195,0.041195,-0.66841,0.041195,0.041198,0.036397,0.041195,0.041195,0.046021,0.20235,0.041195,0.045697,0.041187,0.041198,0.041195,0.041198,-0.22561
0.007217,0.0072175,0.0072182,0.007217,0.007217,0.0071679,0.0072175,0.0072182,0.0072183,0.0072177,0.007218,0.0072058,0.0080219,0.0072188,0.0072189,0.007217,0.0072188,0.0070465,0.007217,0.0072176,0.0072187,-0.50431,0.007217,0.0071404,0.0080952,0.0072176,0.0072173,0.007217,0.36814,0.0071051,0.0071898,0.0070489,0.0066984,0.0067821,0.007141,-0.019455
-0.23552,-0.23549,-0.23544,-0.23549,-0.23564,-0.23471,-0.2355,-0.23543,-0.23541,-0.23548,-0.23647,-0.23463,-0.23538,-0.23541,-0.23537,-0.23547,-0.23555,-0.23529,-0.23551,-0.23548,-0.23541,0.24379,-0.23629,-0.23523,-0.236,-0.23555,-0.23539,-0.23568,0.11513,-0.23658,-0.23497,-0.23509,-0.23508,-0.23484,-0.23465,-0.15477
-2.3409,-2.3524,-2.3411,-2.3409,-2.3409,-2.3285,-2.3452,-2.3657,-2.36,-2.3504,-2.3589,-2.348,-2.3412,-2.3566,-2.3417,-2.3412,-2.341,-2.3391,-2.3409,-2.3564,-2.3417,0.21861,-2.3409,-2.3354,-2.3409,-2.3544,-2.3417,-2.3409,0.48449,-2.3365,-2.3293,-2.3473,-2.33,-2.333,-2.3346,0.60722
0.085196,0.085196,0.084999,0.085814,0.085191,0.094817,0.085196,0.085196,0.08101,0.087143,0.085191,0.085146,0.081855,0.07299,0.079683,0.079935,0.080393,0.081794,0.086517,0.086139,0.086302,0.3984,0.085504,0.085602,0.085191,0.085189,0.084031,0.087334,0.009923,0.085157,0.085147,0.085191,0.081713,0.085278,0.085136,0.56945
-0.16378,-0.14435,-0.16378,-0.16378,-0.16378,-0.16709,-0.16378,-0.16378,-0.16378,-0.16378,-0.18136,-0.16663,-0.16378,-0.16378,-0.16378,-0.16378,-0.16378,-0.17099,-0.16378,-0.16378,-0.16378,0.71833,-0.16378,-0.16945,-0.16378,-0.16378,-0.16378,-0.16378,0.0047249,-0.16638,-0.18638,-0.16611,-0.17062,-0.16997,-0.16662,0.73228
-0.1122,-0.1122,-0.1202,-0.11219,-0.1122,-0.11223,-0.1003,-0.1122,-0.12246,-0.11219,-0.1122,-0.11221,-0.12079,-0.1292,-0.12403,-0.11417,-0.12381,-0.11938,-0.11219,-0.11219,-0.12333,-0.37528,-0.11219,-0.11221,-0.1122,-0.1122,-0.11619,-0.1122,0.32283,-0.11222,-0.11221,-0.11221,-0.12052,-0.11223,-0.11223,0.43911
0.47332,0.47319,0.47066,0.46896,0.47322,0.4733,0.47325,0.47317,0.47092,0.46181,0.47312,0.47328,0.47091,0.41325,0.50133,0.39249,0.46103,0.46726,0.5234,0.4571,0.44926,-0.18656,0.47055,0.43967,0.47331,0.47314,0.46783,0.44606,0.47379,0.47322,0.47331,0.4733,0.4707,0.44518,0.47317,-0.031175
0.074954,0.074954,0.078387,0.074954,0.07356,0.074945,0.074954,0.074954,0.077158,0.074954,0.073479,0.074931,0.077562,0.078389,0.081449,0.070939,0.0792,0.074969,0.074954,0.074954,0.080966,-0.09006,0.073766,0.074941,0.073635,0.074189,0.080397,0.074337,-0.64367,0.0743,0.074941,0.074936,0.07993,0.074938,0.074497,-0.37804
0.19506,0.19506,0.1737,0.19507,0.19506,0.19769,0.19506,0.19506,0.19182,0.19507,0.19506,0.19681,0.19268,0.19394,0.18519,0.19198,0.18895,0.18927,0.19507,0.21734,0.19338,-0.57932,0.19507,0.19966,0.19506,0.19506,0.19278,0.19506,-0.091714,0.19686,0.19593,0.19931,0.19119,0.19866,0.19939,-0.045149
1.2201,1.2474,1.2164,1.2197,1.2131,1.1782,1.2483,1.2765,1.2208,1.2523,1.236,1.1623,1.2147,1.2383,1.2122,1.2146,1.2095,1.1584,1.2196,1.2346,1.2151,-0.56012,1.2187,1.1578,1.2064,1.2341,1.2042,1.2164,0.4337,1.1597,1.3079,1.1494,1.212,1.1715,1.1923,0.1063
0.018597,0.018464,0.018495,0.018448,0.017774,0.019485,0.018583,0.018423,0.01835,0.018373,0.017896,0.020409,0.018478,0.01824,0.018189,0.018219,0.017614,0.019698,0.018391,0.018393,0.018275,-0.071464,0.017616,0.019551,0.017465,0.018177,0.017944,0.017742,-0.14439,0.017749,0.020363,0.019728,0.019588,0.016565,0.017457,0.80206
0.14762,0.14667,0.13902,0.13736,0.14694,0.14753,0.12945,0.12891,0.13541,0.12035,0.13065,0.14112,0.14742,0.13635,0.13728,0.13648,0.14076,0.13819,0.13682,0.11904,0.14446,0.43213,0.13061,0.12246,0.14549,0.13629,0.13935,0.12202,-0.52638,0.14122,0.1438,0.13939,0.13905,0.13685,0.14186,0.49812
0.35138,0.35155,0.353,0.33574,0.35188,0.35138,0.35142,0.35158,0.35799,0.29119,0.35193,0.35145,0.35234,0.35187,0.35802,0.34214,0.35493,0.35227,0.3149,0.32368,0.32316,0.024973,0.31915,0.37628,0.35146,0.35176,0.35462,0.34868,-0.71254,0.35148,0.35138,0.35147,0.35559,0.32058,0.35189,0.082806
0.0033015,0.0033015,0.0033015,0.0032576,0.0030835,0.0033015,0.0033015,0.0033015,0.0033015,0.0032041,0.0031707,0.0033015,0.0033015,0.0033015,0.0033015,0.0032062,0.0032304,0.0033015,0.0031465,0.0030229,0.0031013,-0.61299,0.0029999,0.0031203,0.003062,0.0031708,0.0031852,0.0030326,-0.076124,0.0032452,0.0033015,0.0033015,0.0033015,0.0030718,0.003145,-0.47324
0.37963,0.38741,0.41763,0.40502,0.37602,0.37963,0.38102,0.34562,0.40823,0.4027,0.37774,0.38174,0.38629,0.41572,0.42044,0.42149,0.37913,0.40642,0.40828,0.39494,0.42433,-0.40122,0.42319,0.41107,0.37832,0.37804,0.45929,0.39004,-0.66572,0.37758,0.37963,0.38001,0.38184,0.40435,0.37617,0.46088
0.030826,0.027685,0.027688,0.02716,0.027688,0.027688,0.027685,0.027685,0.027686,0.027532,0.027686,0.030511,0.027688,0.027686,0.027688,0.02736,0.027688,0.027688,0.027514,0.027231,0.027518,-0.066638,0.027158,0.027398,0.027688,0.030475,0.024469,0.027477,0.33856,0.027688,0.027688,0.027685,0.027688,0.027228,0.027688,0.20589
-0.16876,-0.16875,-0.16875,-0.16876,-0.16876,-0.16711,-0.16875,-0.16875,-0.16875,-0.16876,-0.16875,-0.16815,-0.16876,-0.16875,-0.16875,-0.16876,-0.16876,-0.16837,-0.16876,-0.16876,-0.16875,0.085915,-0.16876,-0.16762,-0.16876,-0.16876,-0.16875,-0.16876,-0.29211,-0.1671,-0.1682,-0.16823,-0.16689,-0.16676,-0.16745,-0.52792
0.5019,0.56337,0.51357,0.52762,0.56119,0.5065,0.50683,0.51249,0.51707,0.53205,0.50711,0.51375,0.46539,0.51831,0.52151,0.52641,0.50601,0.51408,0.52554,0.52265,0.57706,0.35941,0.52563,0.52727,0.43664,0.50964,0.515,0.51357,-0.17141,0.51295,0.56952,0.51367,0.5177,0.51689,0.51239,-0.17709
0.03598,0.034909,0.03598,0.035974,0.03598,0.035989,0.035402,0.034703,0.035033,0.035719,0.035763,0.035668,0.03598,0.035259,0.03598,0.03597,0.03598,0.036004,0.035971,0.035785,0.035972,-0.33577,0.032289,0.035974,0.03598,0.035305,0.03598,0.035971,-0.67886,0.036015,0.035986,0.035561,0.036013,0.035974,0.036017,-0.76704
-0.17716,-0.17716,-0.18548,-0.17733,-0.17716,-0.17716,-0.17716,-0.17716,-0.18228,-0.19525,-0.17716,-0.17716,-0.1819,-0.17821,-0.187,-0.18402,-0.17877,-0.17948,-0.17731,-0.17747,-0.18517,0.13755,-0.1772,-0.17731,-0.17716,-0.17716,-0.17955,-0.17733,0.2713,-0.17716,-0.17716,-0.17716,-0.17722,-0.17735,-0.17716,-0.65499
0.27748,0.27649,0.27158,0.26074,0.27418,0.27247,0.26506,0.2495,0.24042,0.24864,0.25079,0.25029,0.2411,0.24467,0.22217,0.23651,0.23306,0.23152,0.2716,0.24645,0.23195,-0.36048,0.24538,0.24633,0.2579,0.25057,0.23944,0.24664,-0.7159,0.25093,0.27589,0.24996,0.22224,0.24624,0.25101,-0.2328
0.0089901,0.008589,0.0084143,0.0086572,0.0086233,0.0083501,0.0086877,0.0081396,0.0081393,0.0082063,0.0081397,0.0091505,0.0086159,0.0081381,0.0081344,0.0082378,0.0081353,0.0081367,0.0087395,0.0083651,0.0081578,0.5231,0.0083125,0.0082525,0.0088173,0.0081397,0.0081347,0.0083117,-0.26505,0.0081397,0.0083355,0.0081396,0.0089744,0.0073603,0.0081397,0.65724
-1.4408,-1.5186,-1.4699,-1.6838,-1.5484,-1.6048,-1.458,-1.6031,-1.6026,-1.695,-1.6031,-1.6637,-1.4901,-1.6021,-1.6019,-1.6641,-1.6021,-1.7225,-1.5421,-1.7179,-1.7148,-0.14678,-1.6664,-1.7734,-1.515,-1.6031,-1.6029,-1.7427,0.49516,-1.5094,-1.4731,-1.624,-1.6358,-1.7829,-1.7341,-0.11664
0.052301,0.052385,0.05405,0.052285,0.052855,0.055902,0.0586,0.058697,0.055193,0.05591,0.055185,0.057733,0.05279,0.054352,0.054175,0.052354,0.054222,0.061509,0.052298,0.055803,0.052875,-0.39015,0.052427,0.060321,0.053542,0.055635,0.054193,0.053422,0.045939,0.049983,0.053859,0.058523,0.054882,0.055892,0.05427,-0.0089132
-0.08763,-0.08763,-0.08763,-0.087725,-0.08763,-0.08763,-0.08763,-0.08763,-0.08763,-0.087784,-0.097758,-0.08763,-0.08763,-0.08763,-0.08763,-0.08764,-0.087629,-0.08763,-0.087765,-0.087795,-0.087637,0.078082,-0.087641,-0.087816,-0.08763,-0.087629,-0.08763,-0.087826,0.16917,-0.08763,-0.08763,-0.08763,-0.08763,-0.087832,-0.08763,0.19408
-0.031005,-0.031005,-0.031005,-0.031012,-0.031005,-0.032568,-0.031003,-0.030999,-0.031,-0.031019,-0.031001,-0.032776,-0.031005,-0.031,-0.031004,-0.02743,-0.031004,-0.036736,-0.03101,-0.03102,-0.031022,-0.03442,-0.031017,-0.031386,-0.031005,-0.031,-0.031004,-0.031019,0.74268,-0.031512,-0.03199,-0.033205,-0.031357,-0.032499,-0.031728,-0.67654
-0.14998,-0.14996,-0.14998,-0.14998,-0.15123,-0.14997,-0.14997,-0.14996,-0.13262,-0.14997,-0.1522,-0.16559,-0.14998,-0.14997,-0.14998,-0.14998,-0.1536,-0.14996,-0.14998,-0.14997,-0.14998,-0.60904,-0.15752,-0.14997,-0.15667,-0.15147,-0.15565,-0.15697,0.32839,-0.15707,-0.14998,-0.14996,-0.14996,-0.14997,-0.15032,0.75362
0.058504,0.055802,0.05296,0.054362,0.055666,0.056684,0.05301,0.052311,0.052311,0.052311,0.052311,0.052311,0.056815,0.052311,0.052311,0.052311,0.052311,0.052311,0.058353,0.052311,0.052311,0.086444,0.052311,0.052311,0.056449,0.046528,0.052311,0.052311,0.55716,0.052311,0.05601,0.052311,0.052311,0.052311,0.052311,-0.13193
-0.025962,-0.026151,-0.026723,-0.02685,-0.028036,-0.028436,-0.029194,-0.029445,-0.028568,-0.029466,-0.025745,-0.029457,-0.026283,-0.028599,-0.027415,-0.028682,-0.027653,-0.029352,-0.026727,-0.02945,-0.028723,-0.5734,-0.026148,-0.029467,-0.028004,-0.02946,-0.029289,-0.029467,-0.78047,-0.029467,-0.028986,-0.029445,-0.028911,-0.029467,-0.029467,-0.37335
-0.12605,-0.15728,-0.14221,-0.1422,-0.14221,-0.14221,-0.13327,-0.12882,-0.13889,-0.13404,-0.14157,-0.13397,-0.14221,-0.1372,-0.14221,-0.14221,-0.14221,-0.14221,-0.1422,-0.13293,-0.1422,-0.10948,-0.1422,-0.14221,-0.14221,-0.13447,-0.14221,-0.1422,0.32095,-0.14221,-0.14221,-0.13332,-0.14221,-0.14221,-0.14221,0.63287
0.060726,0.060711,0.060712,0.060726,0.063081,0.060821,0.060687,0.060673,0.060696,0.060682,0.06697,0.061999,0.060717,0.060675,0.060698,0.060713,0.062685,0.060827,0.060721,0.060698,0.060709,0.026637,0.065236,0.0627,0.061581,0.063128,0.067359,0.064604,-0.13427,0.06368,0.068847,0.061177,0.061317,0.061776,0.0638,0.67991
0.1223,0.1223,0.12243,0.12287,0.1223,0.1223,0.1223,0.1223,0.12231,0.12265,0.1223,0.1223,0.1224,0.12236,0.12243,0.12271,0.12241,0.12232,0.12275,0.12276,0.1225,0.39301,0.12262,0.12237,0.1223,0.1223,0.1224,0.12261,-0.62138,0.10988,0.1223,0.1223,0.12243,0.12253,0.1223,0.24225
0.15394,0.15394,0.15394,0.17117,0.15394,0.15101,0.15394,0.15392,0.15394,0.17207,0.15393,0.15271,0.15394,0.15392,0.15394,0.15394,0.15394,0.15215,0.15394,0.15392,0.15394,-0.63593,0.15394,0.15266,0.15394,0.15393,0.16944,0.15394,-0.43497,0.13363,0.13376,0.15246,0.15106,0.15097,0.15094,-0.11415
-0.0046902,-0.0049066,-0.0048321,-0.0048395,-0.0044272,-0.0048321,-0.0050449,-0.0045972,-0.0051366,-0.0051195,-0.0051912,-0.0050924,-0.0049995,-0.005168,-0.0050078,-0.0049715,-0.0051069,-0.0044607,-0.004818,-0.0050234,-0.004996,-0.74159,-0.0051554,-0.0048627,-0.0048605,-0.0051937,-0.0050713,-0.005153,-0.47923,-0.005012,-0.0047219,-0.0051104,-0.0049744,-0.0048651,-0.0051295,-0.15589
-0.33322,-0.33322,-0.33596,-0.33322,-0.33322,-0.33322,-0.37181,-0.33322,-0.33593,-0.33322,-0.33322,-0.33326,-0.34346,-0.34107,-0.3452,-0.37281,-0.342,-0.3386,-0.33322,-0.33322,-0.34387,-0.12514,-0.33322,-0.33324,-0.33322,-0.33322,-0.34022,-0.33322,-0.29649,-0.33323,-0.33323,-0.33324,-0.34494,-0.33324,-0.33322,0.45436
-0.077004,-0.077004,-0.077004,-0.076763,-0.077004,-0.077512,-0.077004,-0.077004,-0.077004,-0.067973,-0.077004,-0.077263,-0.077004,-0.077004,-0.077004,-0.076207,-0.077004,-0.077324,-0.076164,-0.076457,-0.076382,-0.25595,-0.076539,-0.076455,-0.077004,-0.077004,-0.077004,-0.076528,0.22491,-0.077379,-0.077505,-0.077022,-0.077049,-0.076667,-0.077067,0.27752
0.090234,0.088468,0.089998,0.083395,0.090234,0.090203,0.089723,0.087837,0.088984,0.0867,0.079161,0.089316,0.090124,0.08878,0.089453,0.081745,0.089835,0.089952,0.084704,0.082845,0.086678,-0.37622,0.087049,0.086796,0.090234,0.088474,0.090232,0.085489,-0.23998,0.079379,0.09017,0.089555,0.089543,0.085616,0.090174,-0.53901
0.03525,0.035259,0.035962,0.035259,0.035726,0.038998,0.035283,0.035283,0.035898,0.035521,0.03557,0.035691,0.035521,0.036371,0.036516,0.036328,0.036393,0.040397,0.035557,0.035403,0.036421,0.021072,0.03589,0.035753,0.035538,0.035967,0.036464,0.036017,0.073156,0.036181,0.035409,0.035515,0.035882,0.035719,0.036311,0.16193
0.52431,0.52447,0.51724,0.52431,0.52437,0.52431,0.52441,0.5246,0.51828,0.52458,0.52453,0.52434,0.52235,0.52276,0.51717,0.45769,0.5214,0.52038,0.52431,0.52433,0.51856,-0.38093,0.52432,0.52431,0.52438,0.52439,0.52193,0.52438,0.80821,0.52436,0.52431,0.52457,0.52385,0.52431,0.52439,-0.20404
-0.11351,-0.11359,-0.11352,-0.11351,-0.11351,-0.11304,-0.10028,-0.11372,-0.11363,-0.11357,-0.11362,-0.11284,-0.11351,-0.11353,-0.11353,-0.11351,-0.11353,-0.1129,-0.11351,-0.11356,-0.11352,0.025498,-0.11349,-0.11313,-0.11351,-0.11357,-0.11352,-0.1135,-0.62129,-0.11276,-0.11314,-0.11365,-0.11333,-0.11348,-0.11283,0.34813
0.023976,0.02396,0.024242,0.023976,0.023976,0.021457,0.023974,0.02395,0.024281,0.023976,0.023954,0.023955,0.024001,0.02398,0.024294,0.024075,0.024007,0.024079,0.021469,0.023953,0.024168,0.74868,0.023975,0.023972,0.023975,0.021288,0.024116,0.023976,-0.18355,0.023969,0.026681,0.023952,0.024212,0.023969,0.023969,-0.032026
-0.0089849,-0.00899,-0.0089952,-0.0089858,-0.0089885,-0.0090051,-0.0089859,-0.0089916,-0.0091158,-0.0090073,-0.0089917,-0.0089981,-0.0090145,-0.0090968,-0.0091425,-0.0090844,-0.0090472,-0.0090309,-0.0090014,-0.0090068,-0.0090718,-0.12597,-0.009002,-0.0090148,-0.0089958,-0.0089929,-0.0090867,-0.0090135,-0.51033,-0.0089971,-0.0089934,-0.0090007,-0.0091295,-0.010184,-0.0089999,-0.47828
0.053566,0.059449,0.054006,0.053566,0.053815,0.053569,0.053578,0.053586,0.053681,0.053584,0.054467,0.053576,0.053908,0.05372,0.054024,0.053749,0.05461,0.053728,0.053566,0.053574,0.053759,-0.88673,0.054248,0.053568,0.053952,0.053688,0.054088,0.053988,0.68982,0.0541,0.053567,0.053574,0.053653,0.053568,0.053983,-0.39049
0.86593,0.86578,0.85017,0.8148,0.72334,0.80481,0.82846,0.77252,0.7724,0.76986,0.77279,0.77248,0.77475,0.77245,0.77228,0.7712,0.77229,0.77228,0.81015,0.68561,0.77093,0.73245,0.77065,0.76963,0.83185,0.77253,0.77235,0.77148,0.26569,0.77272,0.86098,0.77239,0.77228,0.76955,0.77271,0.21003
0.02784,0.025401,0.026608,0.027817,0.027791,0.027355,0.026425,0.025203,0.02527,0.025452,0.026171,0.025478,0.026664,0.025253,0.02532,0.025342,0.025341,0.025336,0.027618,0.02536,0.026254,0.022788,0.027119,0.026501,0.027728,0.027287,0.026147,0.026708,-0.08075,0.027139,0.026681,0.025229,0.025701,0.029143,0.027229,-0.92474
-10.579,-10.689,-10.464,-10.413,-10.515,-10.26,-10.75,-10.843,-10.425,-10.187,-8.8379,-10.581,-10.473,-10.796,-10.391,-10.116,-10.345,-10.231,-10.406,-10.028,-10.321,-0.66867,-9.9576,-10.187,-10.319,-10.744,-10.328,-9.8515,0.31593,-9.9158,-10.414,-10.221,-10.384,-10.205,-10.004,0.48143
8.9175,8.9175,8.9175,9.0613,8.9189,8.9175,9.9446,7.9585,8.9175,9.3747,8.9177,8.9175,8.9175,8.9175,8.9175,9.7688,8.918,8.9175,9.5172,9.5515,9.5162,0.089727,9.0391,9.8073,8.9186,8.9192,8.9189,9.7438,-0.1181,8.9187,8.9175,8.9175,7.9632,9.5582,8.9185,-0.29189
-0.063879,-0.057947,-0.063407,-0.072062,-0.065568,-0.063879,-0.065377,-0.066385,-0.065287,-0.06407,-0.066234,-0.065956,-0.063396,-0.064388,-0.062892,-0.063403,-0.063788,-0.06359,-0.063879,-0.064665,-0.056177,-0.50133,-0.064314,-0.063879,-0.065576,-0.066254,-0.063839,-0.06429,0.031721,-0.064672,-0.063879,-0.065452,-0.063194,-0.070552,-0.065675,0.021633
0.075884,0.075884,0.067859,0.07375,0.075038,0.073095,0.075884,0.075884,0.075884,0.075442,0.075873,0.072921,0.075884,0.075884,0.075884,0.074714,0.075763,0.068021,0.074233,0.071764,0.068723,-0.54094,0.081875,0.067892,0.075236,0.075404,0.065195,0.06916,-0.35247,0.072792,0.074496,0.06915,0.075669,0.067513,0.07398,-0.40514
0.20835,0.23159,0.18199,0.23054,0.22236,0.2083,0.20867,0.20989,0.20928,0.20967,0.23201,0.20962,0.20827,0.20875,0.20825,0.20824,0.22995,0.20824,0.18283,0.2091,0.20825,0.22095,0.21461,0.20816,0.21989,0.22744,0.22261,0.21498,0.18853,0.22719,0.20824,0.20891,0.20817,0.20806,0.21335,-0.2742
1.2723,1.2759,1.2813,1.2865,1.2723,1.2792,1.273,1.2776,1.2807,1.3041,1.2749,1.2795,1.275,1.2834,1.2873,1.3051,1.2742,1.2868,1.2738,1.3113,1.3032,-0.31597,1.3053,1.3052,1.2724,1.2756,1.2739,1.3049,-0.48687,1.2846,1.2787,1.2804,1.2871,1.3034,1.4067,0.4826
0.25632,0.25634,0.23928,0.25766,0.25632,0.26445,0.25632,0.25634,0.25219,0.2567,0.25633,0.26833,0.25612,0.24465,0.23847,0.24313,0.25427,0.244,0.26027,0.25823,0.25959,0.70599,0.25836,0.29281,0.25632,0.28589,0.24957,0.25826,-0.55793,0.2646,0.26409,0.26248,0.24704,0.26149,0.29527,0.24019
0.14461,0.14303,0.14123,0.12003,0.12707,0.14138,0.14123,0.12296,0.11948,0.12103,0.11994,0.12321,0.13777,0.11926,0.11854,0.11895,0.12922,0.11865,0.13148,0.12102,0.11861,0.40478,0.11811,0.11928,0.13605,0.12212,0.11786,0.11885,-0.26867,0.12092,0.13634,0.12319,0.12351,0.12084,0.11629,-0.29868
-0.083451,-0.085863,-0.083863,-0.084635,-0.079196,-0.084069,-0.083806,-0.086123,-0.078336,-0.084923,-0.085857,-0.086128,-0.078211,-0.083372,-0.07344,-0.076009,-0.075701,-0.078442,-0.084067,-0.085485,-0.081985,0.29879,-0.08112,-0.085632,-0.081821,-0.076736,-0.075964,-0.07691,0.048126,-0.086056,-0.084621,-0.086125,-0.080506,-0.084966,-0.081889,-0.10675
-0.0058512,-0.0058507,-0.0062916,-0.0058512,-0.0058505,-0.0058504,-0.0058506,-0.005847,-0.006345,-0.0058476,-0.0058496,-0.0058481,-0.0063425,-0.0061429,-0.006509,-0.0063996,-0.0060646,-0.0063915,-0.0058512,-0.0058502,-0.0061293,-0.60053,-0.0058501,-0.00585,-0.0058504,-0.0058476,-0.0069136,-0.0058505,0.69559,-0.0058499,-0.0058497,-0.005848,-0.0058643,-0.0058505,-0.0058497,0.19953
-0.016062,-0.01606,-0.016059,-0.015938,-0.016059,-0.016115,-0.016062,-0.016052,-0.016057,-0.015903,-0.016058,-0.016059,-0.016061,-0.016054,-0.016059,-0.01597,-0.016058,-0.016107,-0.016003,-0.015953,-0.017805,0.43151,-0.01593,-0.016084,-0.016059,-0.016056,-0.016059,-0.015837,0.17878,-0.016067,-0.016121,-0.016056,-0.014447,-0.015943,-0.016138,-0.40572
-3.1165,-3.5688,-3.1751,-3.1027,-3.1786,-3.0637,-3.2319,-3.3489,-3.3413,-3.2721,-3.3183,-3.3588,-3.6454,-3.3137,-3.3126,-3.3114,-3.2441,-3.4457,-3.1044,-3.347,-3.1977,-0.44453,-3.1052,-3.4113,-3.1849,-3.2817,-3.6833,-3.1679,0.041146,-3.3152,-3.2611,-3.0399,-3.3386,-3.2718,-3.2881,0.20631
-0.26076,-0.26076,-0.26082,-0.26076,-0.26076,-0.26076,-0.26076,-0.26077,-0.23069,-0.26076,-0.26076,-0.26076,-0.26081,-0.26085,-0.26098,-0.26089,-0.26097,-0.26093,-0.26076,-0.26076,-0.26088,0.30205,-0.26076,-0.26076,-0.26076,-0.26076,-0.26082,-0.26076,-0.43221,-0.26076,-0.26076,-0.26076,-0.26086,-0.26076,-0.26076,-0.092626
-1001,-1001,-1001,-1001,-1001,-1001,-1001,-1001,-1001,-1001,-1001,-1001,-1001,-1001,-247,-1001,-1001,-1001,-1001,-1001,-1001,-1001,-1001,-1001,-1001,-1001,-1001,-1001,-1001,-1001,-1001,-1001,-263,-1001,-1001,-1001
