0.041855,0.038963,0.041196,0.04145,0.041855,0.038473,0.041749,0.037538,0.038426,0.040214,0.045058,0.033627,0.041621,0.040013,0.041032,0.041055,0.041112,0.040518,0.041224,0.039989,0.041047,-0.027727,0.041495,0.038726,0.041912,0.039147,0.041208,0.04121,0.13464,0.041263,0.038402,0.037424,0.045618,0.038933,0.037677,-0.2421
0.020887,0.021191,0.020116,0.020844,0.020325,0.020859,0.021084,0.021205,0.021338,0.021142,0.021182,0.020805,0.022713,0.021694,0.023349,0.021797,0.021947,0.022916,0.020875,0.021177,0.02151,0.074305,0.020165,0.02079,0.020613,0.020613,0.020548,0.020392,0.28924,0.020433,0.020843,0.021052,0.022682,0.020776,0.020705,-0.36802
-0.70254,-0.70534,-0.71653,-0.7147,-0.70951,-0.74161,-0.70683,-0.71844,-0.71837,-0.71833,-0.71829,-0.74062,-0.70769,-0.71841,-0.71834,-0.71834,-0.7183,-0.7302,-0.70522,-0.71834,-0.71829,-0.25468,-0.71825,-0.7217,-0.71431,-0.71825,-0.63992,-0.64464,-0.75312,-0.72653,-0.71902,-0.72801,-0.74375,-0.7224,-0.72448,0.098777
0.31451,0.31482,0.3112,0.35261,0.31315,0.31253,0.34845,0.31493,0.31093,0.31304,0.30973,0.3133,0.31167,0.31253,0.3107,0.31169,0.31046,0.31045,0.31416,0.31412,0.31115,0.073981,0.30972,0.34797,0.31349,0.31165,0.31003,0.30948,-0.029691,0.34506,0.31032,0.31224,0.30965,0.30982,0.3096,0.46786
0.070275,0.065303,0.063514,0.072842,0.065172,0.063022,0.064699,0.058295,0.065839,0.065849,0.065664,0.065805,0.065141,0.065824,0.065796,0.065822,0.065533,0.064114,0.064094,0.065849,0.065826,0.014535,0.065648,0.063973,0.063811,0.065548,0.06559,0.065479,0.080751,0.065214,0.063062,0.065293,0.06482,0.065787,0.064373,-0.21112
0.034513,0.034524,0.03412,0.034511,0.034336,0.03848,0.034688,0.034801,0.033005,0.034559,0.03474,0.034589,0.034432,0.03433,0.032854,0.033269,0.033359,0.034309,0.03449,0.034737,0.034138,0.002095,0.034332,0.034454,0.034432,0.034326,0.034246,0.034384,0.61368,0.034388,0.034458,0.034735,0.034178,0.038518,0.034384,-0.20495
-0.36743,-0.36884,-0.36656,-0.41211,-0.36285,-0.36649,-0.36874,-0.36928,-0.41459,-0.36899,-0.32858,-0.36508,-0.36674,-0.36853,-0.36562,-0.36689,-0.36555,-0.36499,-0.4066,-0.36896,-0.36631,-0.33471,-0.36614,-0.36492,-0.40806,-0.3681,-0.36332,-0.36525,-0.1631,-0.40891,-0.3642,-0.36739,-0.36455,-0.36411,-0.36328,-0.24879
-0.67702,-0.68553,-0.68644,-0.67893,-0.67676,-0.67637,-0.68428,-0.69625,-0.69264,-0.69439,-0.67955,-0.67979,-0.68721,-0.76601,-0.68748,-0.68859,-0.68286,-0.68651,-0.67744,-0.69372,-0.68749,0.22504,-0.67821,-0.68229,-0.60277,-0.68076,-0.68431,-0.68791,0.15483,-0.67625,-0.67696,-0.69361,-0.68058,-0.68475,-0.67597,0.51747
0.14751,0.14797,0.16426,0.14785,0.14754,0.1478,0.14797,0.14834,0.14827,0.14869,0.14882,0.14883,0.14803,0.14828,0.14826,0.14835,0.14878,0.14829,0.16379,0.14867,0.14872,-0.48629,0.1492,0.1491,0.14879,0.14839,0.14924,0.14915,0.46916,0.14916,0.14795,0.14885,0.14829,0.1491,0.14922,0.53669
-0.10886,-0.10879,-0.10886,-0.097425,-0.10391,-0.09525,-0.10884,-0.10875,-0.1087,-0.10875,-0.11835,-0.10882,-0.10872,-0.10872,-0.10866,-0.10871,-0.09948,-0.10867,-0.095575,-0.10879,-0.10877,-0.22469,-0.10723,-0.10882,-0.10817,-0.1025,-0.1049,-0.10084,-0.38431,-0.10651,-0.10885,-0.10882,-0.10867,-0.10882,-0.10763,0.83957
-0.1994,-0.19842,-0.19816,-0.19939,-0.20169,-0.19958,-0.1974,-0.19108,-0.19155,-0.19748,-0.1937,-0.19293,-0.19618,-0.19171,-0.19195,-0.19286,-0.1986,-0.22107,-0.17506,-0.19935,-0.19432,-0.19372,-0.20241,-0.20053,-0.20328,-0.20332,-0.19938,-0.20471,-0.11204,-0.2026,-0.20019,-0.19212,-0.19888,-0.17886,-0.20369,0.36753
0.21728,0.20979,0.21804,0.21202,0.21297,0.21404,0.21159,0.20927,0.21415,0.20883,0.20893,0.21121,0.21864,0.21396,0.21892,0.21469,0.21025,0.21858,0.2157,0.20917,0.21393,0.34068,0.20765,0.21141,0.21105,0.20801,0.21351,0.20755,-0.28637,0.21137,0.21208,0.21119,0.21339,0.20953,0.21142,0.032511
0.074922,0.074042,0.076453,0.074347,0.076664,0.079889,0.074698,0.073661,0.08012,0.07394,0.074854,0.07475,0.076569,0.078338,0.080424,0.076345,0.080384,0.080678,0.074614,0.073737,0.075167,0.22923,0.075108,0.077352,0.076676,0.075739,0.077859,0.0756,0.30702,0.079092,0.080913,0.075596,0.081062,0.089063,0.079277,-0.24447
0.34971,0.34513,0.34579,0.34901,0.3492,0.32171,0.34862,0.33389,0.33388,0.33699,0.30162,0.28724,0.33951,0.33387,0.33385,0.34576,0.33454,0.32517,0.3487,0.34357,0.34004,-0.008313,0.34829,0.31675,0.34913,0.34569,0.33977,0.34797,0.31539,0.33673,0.33675,0.31591,0.31163,0.34285,0.31719,0.12283
0.56008,0.56012,0.56008,0.56013,0.5031,0.58346,0.56011,0.56024,0.56013,0.56024,0.62213,0.60515,0.56008,0.56013,0.56009,0.56018,0.56011,0.59463,0.56015,0.56024,0.56014,-0.15965,0.56029,0.59862,0.56011,0.56032,0.56019,0.5603,0.30584,0.59103,0.59774,0.56485,0.57023,0.5979,0.6031,-0.028351
0.04856,0.049195,0.046854,0.048009,0.04777,0.048234,0.049788,0.050447,0.047553,0.050265,0.049154,0.048708,0.047462,0.046545,0.046501,0.047316,0.046182,0.046665,0.048006,0.048171,0.05208,-0.4695,0.04691,0.047635,0.046453,0.047027,0.045916,0.04735,0.33128,0.046663,0.04783,0.049201,0.04761,0.047754,0.041254,0.099179
0.086933,0.086209,0.085678,0.085832,0.086934,0.086848,0.085965,0.0854,0.085444,0.085468,0.086718,0.08556,0.096641,0.085425,0.085483,0.085583,0.086457,0.085606,0.086115,0.085519,0.075279,0.3865,0.085802,0.085703,0.086933,0.086342,0.085566,0.08673,0.11076,0.086375,0.086827,0.085464,0.085721,0.085639,0.086654,0.34253
0.47069,0.39893,0.43837,0.4443,0.44565,0.40975,0.43286,0.43002,0.43272,0.43105,0.43536,0.43666,0.4605,0.43106,0.43304,0.43303,0.43392,0.42078,0.43589,0.43089,0.43214,0.20917,0.43204,0.4123,0.466,0.43298,0.43315,0.43613,-0.83607,0.40658,0.41581,0.39833,0.46941,0.42305,0.41536,0.34168
0.0055598,0.0060989,0.0054615,0.0055899,0.0056901,0.005854,0.0055795,0.0061276,0.0057038,0.0059965,0.0059124,0.0060217,0.0053697,0.0058114,0.0053269,0.0053639,0.0056662,0.0057204,0.0057808,0.0058831,0.0054347,0.22195,0.0058129,0.0058677,0.0056172,0.0059543,0.0049237,0.0057524,0.08464,0.0057829,0.0056205,0.0052567,0.0054649,0.0058693,0.0057934,-0.16047
0.27882,0.27241,0.28673,0.28125,0.28416,0.28349,0.27007,0.24764,0.26396,0.31269,0.28341,0.25785,0.2796,0.30054,0.30072,0.29461,0.29859,0.28834,0.27989,0.25313,0.29494,-0.34519,0.28493,0.2843,0.27945,0.24061,0.29095,0.28273,0.48399,0.25395,0.28086,0.25046,0.29081,0.28327,0.28501,-0.21733
0.031531,0.033274,0.035333,0.035263,0.035098,0.035221,0.032496,0.031028,0.031273,0.032566,0.034416,0.032369,0.035461,0.034078,0.036154,0.035858,0.035504,0.035863,0.035245,0.033914,0.035346,0.25097,0.035099,0.039159,0.03522,0.035058,0.035242,0.035153,-0.76369,0.035112,0.035213,0.032294,0.035785,0.035123,0.035111,-0.47736
-0.11809,-0.10463,-0.11742,-0.11829,-0.11842,-0.11609,-0.11421,-0.11337,-0.11582,-0.11653,-0.11724,-0.11346,-0.11703,-0.11592,-0.10419,-0.11832,-0.11949,-0.11542,-0.11819,-0.11424,-0.11705,-0.23668,-0.12043,-0.11414,-0.12132,-0.11912,-0.11908,-0.12138,-0.046028,-0.11819,-0.11539,-0.11344,-0.10332,-0.11853,-0.11612,-0.35224
0.24007,0.26871,0.24007,0.24006,0.24006,0.24007,0.24005,0.26434,0.24003,0.24005,0.24004,0.24006,0.24007,0.24005,0.24006,0.24005,0.21353,0.24007,0.24006,0.24004,0.24006,0.22702,0.24006,0.24006,0.24006,0.24006,0.24006,0.24006,0.3052,0.21167,0.24007,0.24003,0.24006,0.24006,0.24007,-0.13853
0.058639,0.058651,0.058716,0.058662,0.05864,0.058668,0.058646,0.058652,0.058703,0.058669,0.058678,0.05867,0.058695,0.058754,0.058775,0.058684,0.05877,0.058739,0.058649,0.058673,0.058688,-0.44363,0.058754,0.058711,0.058668,0.058723,0.058766,0.065174,-0.036446,0.058745,0.058645,0.058698,0.058734,0.058699,0.058741,0.079493
-0.14722,-0.14338,-0.14643,-0.14643,-0.15036,-0.14901,-0.14377,-0.14265,-0.14269,-0.14551,-0.14551,-0.14689,-0.14677,-0.14268,-0.14272,-0.14508,-0.15012,-0.15203,-0.14695,-0.14442,-0.14413,0.20472,-0.15275,-0.15189,-0.13452,-0.14558,-0.15243,-0.14826,-0.15478,-0.15283,-0.14853,-0.15164,-0.1459,-0.14796,-0.15306,0.65272
0.37871,0.29882,0.3801,0.37644,0.3356,0.38832,0.36374,0.33183,0.35307,0.3611,0.33569,0.33962,0.33743,0.35573,0.38345,0.38183,0.34331,0.38729,0.37671,0.33657,0.3802,0.52723,0.37893,0.38709,0.38103,0.37046,0.38344,0.3806,-0.6261,0.38762,0.38522,0.33678,0.38822,0.37952,0.38559,0.66899
0.01121,0.011207,0.011205,0.011206,0.011199,0.011207,0.011206,0.011205,0.011205,0.011205,0.0112,0.011202,0.011209,0.011205,0.011205,0.011205,0.0099302,0.011201,0.011209,0.011204,0.011204,-0.18737,0.011199,0.011203,0.0112,0.011195,0.011199,0.011199,0.42044,0.011196,0.011201,0.011203,0.011201,0.0112,0.011198,0.67614
-0.52534,-0.53589,-0.55781,-0.54175,-0.54911,-0.53625,-0.53059,-0.54729,-0.55508,-0.5476,-0.54744,-0.5451,-0.5493,-0.50066,-0.56863,-0.56251,-0.55832,-0.54405,-0.53381,-0.49187,-0.55779,0.54158,-0.54845,-0.48418,-0.52556,-0.48628,-0.56197,-0.54814,-0.001702,-0.54721,-0.53689,-0.54644,-0.54328,-0.54554,-0.547,0.63762
0.21654,0.21626,0.21547,0.20645,0.21032,0.21213,0.21631,0.21264,0.21256,0.20993,0.21082,0.2308,0.21378,0.2125,0.21239,0.20939,0.20938,0.21063,0.21275,0.20724,0.20908,0.55045,0.20483,0.20463,0.21412,0.20671,0.20889,0.20531,0.41866,0.2058,0.21073,0.20701,0.21008,0.20468,0.20524,-0.075921
-0.080977,-0.08102,-0.08971,-0.080994,-0.080999,-0.080954,-0.081018,-0.081072,-0.072077,-0.08101,-0.081029,-0.081067,-0.081032,-0.081182,-0.081233,-0.072035,-0.081108,-0.080954,-0.080986,-0.081033,-0.081146,-0.13268,-0.081006,-0.080959,-0.080999,-0.081034,-0.089831,-0.081006,0.74567,-0.080966,-0.080971,-0.081025,-0.081069,-0.080978,-0.080985,0.20735
-0.059799,-0.055449,-0.060092,-0.059786,-0.059826,-0.059916,-0.059776,-0.054009,-0.056469,-0.058069,-0.056035,-0.054051,-0.060111,-0.059718,-0.060399,-0.060352,-0.059979,-0.060033,-0.059789,-0.058629,-0.059919,0.47703,-0.059765,-0.05993,-0.059834,-0.054486,-0.066788,-0.059763,-0.09091,-0.059933,-0.059832,-0.055464,-0.060271,-0.059886,-0.059902,-0.14494
-0.13513,-0.14667,-0.13303,-0.14284,-0.13708,-0.13981,-0.14442,-0.15337,-0.13722,-0.15328,-0.14806,-0.16196,-0.12687,-0.14836,-0.12684,-0.16768,-0.14476,-0.15334,-0.14029,-0.13442,-0.15105,-0.21899,-0.16667,-0.15784,-0.1411,-0.1502,-0.14512,-0.15304,0.17889,-0.15681,-0.14806,-0.1547,-0.14835,-0.16112,-0.1589,0.009002
0.12953,0.1296,0.12933,0.1286,0.12889,0.12948,0.12955,0.11462,0.12917,0.1295,0.14149,0.12962,0.12948,0.12913,0.12898,0.12849,0.14223,0.12938,0.12923,0.12863,0.12892,0.55317,0.12809,0.11323,0.12888,0.12917,0.12822,0.12815,-0.04891,0.12889,0.1295,0.12957,0.12912,0.12942,0.12802,0.42093
-0.025059,-0.025349,-0.024987,-0.025261,-0.028217,-0.025133,-0.025703,-0.026428,-0.025747,-0.026102,-0.029521,-0.025953,-0.024879,-0.026405,-0.024848,-0.025161,-0.026096,-0.024932,-0.025818,-0.026217,-0.024934,0.17291,-0.023045,-0.025731,-0.025335,-0.026426,-0.025097,-0.026003,-0.22992,-0.025759,-0.025209,-0.02639,-0.025033,-0.025778,-0.025814,-0.38225
-0.11645,-0.11453,-0.11609,-0.11275,-0.12016,-0.11601,-0.11188,-0.10993,-0.11009,-0.11044,-0.11585,-0.11243,-0.11443,-0.1104,-0.11066,-0.1106,-0.1143,-0.11368,-0.11351,-0.10993,-0.11063,-0.017808,-0.11837,-0.11429,-0.118,-0.11664,-0.1163,-0.11586,0.28107,-0.11801,-0.12831,-0.11523,-0.11374,-0.1144,-0.12004,0.13681
0.16266,0.16283,0.16399,0.16278,0.14646,0.16339,0.16277,0.16311,0.16331,0.16322,0.16376,0.16337,0.16375,0.16404,0.16404,0.16395,0.16397,0.16376,0.16303,0.16323,0.16383,-0.0084909,0.16338,0.16338,0.16317,0.16349,0.16395,0.16376,0.2964,0.16377,0.16279,0.16324,0.16383,0.16339,0.14482,-0.74656
0.25783,0.2521,0.23725,0.25702,0.22555,0.25747,0.25082,0.23283,0.20958,0.23287,0.23299,0.23298,0.24464,0.2331,0.23318,0.23312,0.23308,0.23319,0.24997,0.23286,0.25772,-0.47377,0.23294,0.23322,0.2749,0.233,0.23308,0.23297,-0.19086,0.23317,0.24359,0.23302,0.23333,0.23322,0.23328,0.042628
0.27939,0.30562,0.30453,0.28885,0.35084,0.28342,0.30854,0.3167,0.31438,0.30832,0.31917,0.30784,0.30761,0.27891,0.31326,0.29967,0.31954,0.30948,0.28371,0.34086,0.27061,-0.30607,0.32539,0.29045,0.35256,0.32194,0.32216,0.34993,0.15159,0.30997,0.28103,0.31382,0.28849,0.2897,0.29449,0.041034
-0.019343,-0.019332,-0.019335,-0.019336,-0.019347,-0.019256,-0.019342,-0.019276,-0.019277,-0.019282,-0.01928,-0.019265,-0.019294,-0.019284,-0.019291,-0.01929,-0.019311,-0.017299,-0.019308,-0.019278,-0.019289,0.77243,-0.01934,-0.019274,-0.019349,-0.019325,-0.019328,-0.019288,-0.13729,-0.019308,-0.019322,-0.019258,-0.019248,-0.019284,-0.019344,0.66935
-0.43041,-0.4304,-0.43038,-0.43042,-0.43041,-0.43041,-0.43039,-0.43038,-0.43038,-0.43038,-0.43041,-0.43039,-0.43038,-0.43038,-0.43038,-0.43038,-0.4304,-0.43038,-0.43042,-0.43038,-0.43038,0.16618,-0.43042,-0.43042,-0.43041,-0.43038,-0.4304,-0.4758,0.17389,-0.43042,-0.43041,-0.38334,-0.43038,-0.43042,-0.43042,0.10063
-0.049999,-0.051549,-0.050875,-0.051315,-0.049622,-0.050556,-0.051698,-0.0528,-0.05195,-0.052756,-0.050461,-0.052807,-0.050446,-0.051664,-0.045129,-0.052381,-0.050573,-0.051894,-0.050173,-0.052772,-0.052082,0.44982,-0.052204,-0.052798,-0.049818,-0.051389,-0.050629,-0.049505,0.082689,-0.052072,-0.052292,-0.05281,-0.052644,-0.052785,-0.045085,-0.70762
0.093562,0.093622,0.093612,0.093618,0.093714,0.09252,0.093695,0.093712,0.093715,0.093712,0.093714,0.093696,0.093691,0.093714,0.093716,0.093713,0.093715,0.09111,0.093707,0.093713,0.093715,-0.20565,0.093714,0.090689,0.093564,0.093712,0.093714,0.093714,-0.1339,0.086249,0.089715,0.084064,0.085942,0.090544,0.092149,-0.14166
0.074013,0.074028,0.074064,0.074057,0.074043,0.074015,0.074171,0.074194,0.074175,0.074193,0.074174,0.07404,0.07416,0.074183,0.074172,0.074177,0.066405,0.074051,0.074037,0.074186,0.074172,-0.36139,0.074165,0.074072,0.065633,0.074155,0.0829,0.074153,0.10007,0.074019,0.074015,0.074093,0.074155,0.074118,0.074109,0.4493
0.17646,0.17646,0.17643,0.17644,0.17643,0.17648,0.17646,0.1764,0.1764,0.1764,0.17639,0.17644,0.17643,0.15667,0.17643,0.17641,0.17643,0.17652,0.17644,0.1764,0.17642,-0.2644,0.1764,0.17664,0.17642,0.17639,0.17641,0.1764,-0.19072,0.17646,0.17651,0.17664,0.17653,0.17641,0.17657,-0.16501
-0.23409,-0.22898,-0.23043,-0.21472,-0.23395,-0.23463,-0.22798,-0.22182,-0.22441,-0.2121,-0.22624,-0.22403,-0.23403,-0.22311,-0.22449,-0.21318,-0.23271,-0.22622,-0.22777,-0.21886,-0.2114,0.035057,-0.20632,-0.22563,-0.23399,-0.2251,-0.23222,-0.21465,0.38957,-0.23483,-0.23475,-0.22931,-0.22826,-0.2189,-0.23444,0.083529
0.12935,0.12499,0.12761,0.12888,0.12947,0.1425,0.12514,0.12483,0.11222,0.1251,0.1288,0.12665,0.12768,0.12502,0.12505,0.12532,0.12508,0.12931,0.14278,0.12542,0.12777,-0.19061,0.14262,0.12899,0.12988,0.12688,0.12647,0.12879,0.49679,0.12957,0.12942,0.12897,0.12595,0.14286,0.1299,-0.2984
-0.014123,-0.014266,-0.014745,-0.014585,-0.014393,-0.014072,-0.014176,-0.014986,-0.015075,-0.014871,-0.014751,-0.014744,-0.014856,-0.01506,-0.01514,-0.014945,-0.014746,-0.014994,-0.014282,-0.014796,-0.014832,0.85548,-0.014588,-0.014132,-0.014431,-0.014931,-0.014989,-0.014562,-0.16044,-0.01437,-0.014094,-0.014558,-0.014946,-0.012728,-0.014341,-0.1504
0.21908,0.21759,0.21812,0.2189,0.22457,0.21881,0.21457,0.21381,0.2147,0.21634,0.21661,0.21786,0.21644,0.23896,0.21572,0.21664,0.22173,0.21784,0.21854,0.21636,0.21658,-0.23471,0.23575,0.21852,0.23383,0.24611,0.21629,0.23357,0.020017,0.22122,0.21859,0.19307,0.21619,0.21849,0.23544,0.41554
0.27915,0.27929,0.27921,0.27921,0.27914,0.27929,0.3073,0.27932,0.2793,0.27931,0.27919,0.27932,0.27929,0.27931,0.2793,0.2793,0.24939,0.27931,0.27922,0.27931,0.2793,-0.36648,0.27917,0.2793,0.27915,0.27919,0.27923,0.27929,0.12616,0.27928,0.27925,0.27932,0.27931,0.27931,0.2792,-0.53771
0.015908,0.01435,0.015956,0.015923,0.016023,0.015925,0.016033,0.01608,0.016041,0.016017,0.016078,0.016037,0.015959,0.016038,0.016032,0.016026,0.016064,0.016018,0.015914,0.016037,0.016028,0.4865,0.016035,0.015977,0.015909,0.016075,0.016041,0.015995,-0.18891,0.015993,0.01593,0.016006,0.015995,0.015948,0.016034,0.64265
-13.664,-13.674,-13.661,-14.647,-13.714,-13.664,-13.671,-13.674,-15.196,-14.186,-13.689,-13.669,-13.662,-13.673,-13.654,-13.993,-13.66,-13.662,-14.534,-14.048,-14.428,0.37169,-14.488,-14.675,-13.701,-13.711,-13.656,-14.376,-0.089324,-13.705,-13.664,-13.673,-15.432,-14.491,-13.689,-0.38589
13.002,12.949,12.743,12.96,11.997,12.433,12.905,12.89,12.734,12.888,12.881,12.416,12.95,12.689,11.02,12.588,10.323,10.71,12.873,12.862,12.653,0.60705,12.573,12.66,11.956,12.669,12.426,11.898,0.31559,11.693,11.707,11.706,12.033,12.487,11.683,-0.3774
-0.08623,-0.088231,-0.088262,-0.086406,-0.09568,-0.086219,-0.087192,-0.088612,-0.088862,-0.088128,-0.087724,-0.086297,-0.087465,-0.088806,-0.089008,-0.088937,-0.087627,-0.08679,-0.086499,-0.087366,-0.087962,-0.32983,-0.086924,-0.086259,-0.08696,-0.087503,-0.08801,-0.087307,0.24055,-0.08688,-0.086222,-0.08773,-0.088745,-0.086815,-0.087364,-0.64253
0.070611,0.079968,0.071627,0.079896,0.079967,0.089889,0.07992,0.080115,0.090063,0.080097,0.080116,0.079931,0.081616,0.071595,0.082157,0.080549,0.081726,0.073657,0.071338,0.080097,0.081311,-0.15842,0.080108,0.080084,0.080081,0.080132,0.081569,0.071725,0.13756,0.088296,0.079773,0.080054,0.081889,0.079952,0.080005,0.075271
0.24453,0.23731,0.24441,0.2441,0.22372,0.24338,0.22632,0.22004,0.24172,0.2036,0.22086,0.24224,0.24402,0.24308,0.27196,0.24361,0.22617,0.24336,0.24359,0.24272,0.21453,-0.58677,0.23839,0.24331,0.23043,0.22129,0.23213,0.2295,0.6735,0.22176,0.24366,0.20087,0.24365,0.24339,0.23091,-0.16934
2.3966,2.3601,2.3939,2.4222,2.3809,2.3975,2.3681,2.3549,2.3548,2.4362,2.3582,2.3801,2.3799,2.3535,2.3516,2.4579,2.3563,2.3912,2.4047,2.407,2.4535,0.46124,2.4353,2.4042,2.3847,2.3577,2.3553,2.443,0.18457,2.3851,2.3994,2.3984,2.3882,2.4323,2.3799,0.052182
0.13845,0.13757,0.12373,0.13756,0.1382,0.13806,0.13771,0.13592,0.13614,0.137,0.13759,0.13727,0.13768,0.13597,0.13629,0.13688,0.13707,0.13715,0.13775,0.13681,0.13642,0.37188,0.13741,0.13719,0.13826,0.13601,0.13639,0.13716,-0.17605,0.13769,0.1381,0.13665,0.13768,0.13746,0.13774,-0.59961
0.15243,0.1596,0.15312,0.15285,0.15094,0.16641,0.15659,0.15986,0.16055,0.15404,0.15353,0.14263,0.1568,0.16029,0.16058,0.15407,0.17167,0.14904,0.15286,0.1554,0.1567,0.29731,0.15121,0.14499,0.15162,0.15526,0.15888,0.15174,0.23736,0.13937,0.14955,0.13556,0.14827,0.14649,0.13718,0.14542
-0.15596,-0.14624,-0.14037,-0.13979,-0.13895,-0.14743,-0.13318,-0.12477,-0.13002,-0.13561,-0.13225,-0.13286,-0.14798,-0.13959,-0.14004,-0.12171,-0.13652,-0.14131,-0.14812,-0.12606,-0.13758,-0.049361,-0.13688,-0.14215,-0.14155,-0.12952,-0.13689,-0.13716,-0.68158,-0.13926,-0.15512,-0.13958,-0.14156,-0.14366,-0.13734,-0.21101
-0.0051368,-0.0050776,-0.0050518,-0.0050969,-0.0051157,-0.0057821,-0.0051106,-0.0050706,-0.0050352,-0.005073,-0.0050712,-0.0050938,-0.0050979,-0.0050173,-0.0049948,-0.0050374,-0.0050022,-0.0056679,-0.0051359,-0.0045301,-0.0050458,-0.36267,-0.0050794,-0.0051241,-0.0045339,-0.0050771,-0.0055516,-0.0050843,0.39115,-0.0051281,-0.0051341,-0.0051223,-0.0050561,-0.0051024,-0.0045633,0.30867
-0.011336,-0.011358,-0.011336,-0.011351,-0.01142,-0.011332,-0.01008,-0.011371,-0.011356,-0.011374,-0.011405,-0.011328,-0.011332,-0.011363,-0.011332,-0.011365,-0.012594,-0.012591,-0.010086,-0.011371,-0.011379,0.80792,-0.011444,-0.012557,-0.011344,-0.011457,-0.011395,-0.011461,0.028768,-0.01136,-0.011328,-0.01133,-0.011328,-0.011374,-0.011407,0.66908
-4.5809,-4.5829,-4.5892,-4.1346,-4.5698,-4.5804,-4.5818,-4.6023,-4.6019,-4.4499,-4.5972,-4.5905,-4.5957,-4.6006,-4.598,-4.1418,-4.0804,-4.5733,-4.3682,-4.3931,-5.048,0.42873,-4.6437,-4.3277,-4.574,-4.5898,-4.5844,-4.2164,0.75828,-4.5677,-4.5722,-4.5734,-4.5757,-4.206,-4.5664,0.30236
-0.62705,-0.6668,-0.59894,-0.59161,-0.5934,-0.62276,-0.58268,-0.57883,-0.57574,-0.5739,-0.57093,-0.59894,-0.62209,-0.57475,-0.57456,-0.57187,-0.5714,-0.64603,-0.57177,-0.5779,-0.57402,0.072007,-0.57114,-0.57944,-0.59753,-0.57753,-0.57337,-0.57033,0.58631,-0.6013,-0.62187,-0.5886,-0.58882,-0.58228,-0.59303,-0.095985
-1001,-1001,-1001,-1001,-1001,-171,-1001,-1001,-1001,-1001,-1001,-1001,-168,-1001,-185,-1001,-199,-1001,-1001,-1001,-1001,-1001,-1001,-1001,-1001,-1001,-1001,-1001,-1001,-1001,-1001,-1001,-1001,-1001,-181,-1001
