0.012124,0.012122,0.012049,0.012165,0.012176,0.012112,0.012124,0.012088,0.011961,0.012159,0.012344,0.012036,0.011838,0.011928,0.011825,0.012069,0.012524,0.011847,0.012184,0.012197,0.011892,0.012204,0.01324,0.012157,0.012242,0.012272,0.012084,0.012377,0.012543,0.012113,0.012029,0.012056,0.011908,0.012124,0.012036,0.012023
0.029982,0.029974,0.029959,0.029962,0.032072,0.030394,0.02998,0.029931,0.029937,0.029931,0.032177,0.030941,0.029976,0.028353,0.029955,0.029945,0.032124,0.030785,0.029942,0.02993,0.029938,0.02993,0.030904,0.030096,0.030474,0.030997,0.031838,0.032377,0.032778,0.031164,0.030921,0.030929,0.030145,0.030462,0.031936,0.031043
-0.88397,-0.88779,-0.87498,-0.89567,-0.87923,-0.90251,-0.88622,-0.89541,-0.84828,-0.89898,-0.93716,-0.89985,-0.82858,-0.83775,-0.81774,-0.86062,-0.85028,-0.89646,-0.89163,-0.89545,-0.89289,-0.85528,-0.88363,-0.90657,-0.87901,-0.87946,-0.82277,-0.87916,-0.87816,-0.87873,-0.89117,-0.89871,-0.82166,-0.90554,-0.8946,-0.91002
0.4562,0.45619,0.47538,0.45619,0.45626,0.4556,0.45616,0.45614,0.46164,0.45614,0.45712,0.4294,0.47266,0.47177,0.48083,0.47214,0.45758,0.47574,0.45618,0.45614,0.45891,0.45618,0.45695,0.45117,0.45621,0.45661,0.47665,0.45719,0.4573,0.44926,0.45188,0.45604,0.4804,0.45318,0.45724,0.44849
0.049322,0.049274,0.049285,0.049331,0.049339,0.049454,0.048063,0.046502,0.048218,0.047372,0.051669,0.048918,0.049274,0.047926,0.049273,0.049312,0.049304,0.05232,0.049338,0.048526,0.049283,0.049341,0.049395,0.049608,0.049384,0.047112,0.049291,0.049404,0.049412,0.049416,0.049349,0.048275,0.04939,0.049488,0.049594,0.049655
0.031872,0.031938,0.031572,0.031815,0.033336,0.033841,0.032619,0.032754,0.032275,0.031829,0.033643,0.032903,0.031707,0.032005,0.031525,0.031688,0.03166,0.033077,0.031848,0.032249,0.031538,0.031808,0.033321,0.033485,0.031963,0.033088,0.033503,0.032481,0.033691,0.033769,0.033297,0.03397,0.03269,0.032795,0.033769,0.033991
-0.22074,-0.22101,-0.22071,-0.22118,-0.22066,-0.22065,-0.22093,-0.22108,-0.23335,-0.22108,-0.22099,-0.22095,-0.22069,-0.2208,-0.22049,-0.22105,-0.22052,-0.22042,-0.22092,-0.22118,-0.23164,-0.22123,-0.22098,-0.22079,-0.22069,-0.221,-0.22051,-0.23266,-0.22059,-0.22036,-0.23317,-0.22094,-0.2089,-0.22074,-0.22027,-0.22024
-0.69572,-0.69572,-0.73425,-0.69572,-0.69624,-0.6957,-0.69572,-0.6957,-0.6957,-0.69569,-0.69631,-0.69569,-0.69572,-0.69572,-0.69572,-0.69571,-0.69623,-0.69571,-0.6957,-0.69569,-0.69572,-0.69569,-0.69648,-0.69569,-0.69777,-0.69748,-0.69792,-0.69754,-0.69844,-0.69661,-0.69571,-0.69569,-0.69571,-0.69569,-0.69671,-0.69568
0.10392,0.1099,0.10896,0.11083,0.10396,0.10442,0.10407,0.10428,0.10971,0.10455,0.10446,0.10689,0.10338,0.1034,0.10321,0.10478,0.10404,0.10734,0.10518,0.10507,0.10507,0.10542,0.10491,0.10577,0.10445,0.10436,0.10416,0.10513,0.10453,0.10555,0.10582,0.10585,0.10534,0.10677,0.10615,0.10751
-0.13495,-0.13179,-0.13503,-0.14117,-0.12735,-0.13452,-0.13299,-0.13131,-0.13501,-0.13213,-0.13152,-0.13293,-0.13499,-0.12648,-0.13504,-0.13433,-0.13484,-0.13471,-0.13333,-0.1315,-0.13341,-0.13234,-0.1342,-0.13348,-0.13495,-0.1331,-0.14175,-0.13285,-0.13462,-0.13451,-0.13487,-0.13198,-0.13457,-0.13376,-0.13448,-0.13447
-0.18122,-0.18084,-0.18133,-0.17972,-0.18516,-0.18085,-0.18066,-0.18057,-0.18114,-0.17184,-0.18184,-0.18025,-0.18134,-0.18133,-0.18179,-0.17172,-0.18497,-0.18146,-0.16976,-0.1742,-0.18021,-0.16919,-0.17812,-0.17452,-0.18509,-0.18416,-0.18595,-0.18779,-0.18907,-0.18196,-0.18118,-0.17126,-0.18072,-0.17232,-0.18399,-0.18019
0.39923,0.4005,0.39831,0.39935,0.40259,0.40981,0.39984,0.40334,0.40303,0.39958,0.40731,0.43621,0.39894,0.41979,0.39806,0.39833,0.39983,0.42841,0.39923,0.39982,0.39854,0.39936,0.40861,0.45765,0.40261,0.38387,0.40743,0.40401,0.41019,0.40661,0.43359,0.41717,0.40166,0.41094,0.42538,0.44104
0.065309,0.063643,0.060681,0.06222,0.062477,0.062332,0.064279,0.065745,0.063213,0.064686,0.063567,0.063674,0.062158,0.061686,0.059929,0.061584,0.061887,0.061737,0.062297,0.062457,0.061045,0.062309,0.062525,0.062325,0.062311,0.063842,0.056862,0.062384,0.06286,0.062834,0.062239,0.064194,0.060937,0.062327,0.062778,0.062364
0.21649,0.19683,0.19893,0.20443,0.20818,0.20686,0.20465,0.19385,0.18793,0.19715,0.20388,0.20558,0.18606,0.18932,0.19496,0.20262,0.2083,0.19703,0.20449,0.20301,0.1896,0.20421,0.20651,0.20772,0.20781,0.20733,0.20325,0.20718,0.20927,0.20901,0.21829,0.18925,0.21031,0.20579,0.20811,0.2081
0.6374,0.63711,0.63599,0.63754,0.62373,0.60575,0.63701,0.60462,0.63539,0.637,0.61599,0.63418,0.63466,0.63557,0.63459,0.63731,0.62043,0.62773,0.63753,0.63708,0.63496,0.63771,0.63606,0.6068,0.62265,0.62007,0.62056,0.61469,0.60928,0.60636,0.62479,0.61083,0.6316,0.61001,0.60595,0.60574
0.056132,0.053486,0.053279,0.056064,0.05535,0.053898,0.055875,0.053312,0.050172,0.053277,0.052947,0.053454,0.054024,0.053034,0.053021,0.053027,0.0528,0.053027,0.053591,0.053277,0.05306,0.053242,0.053069,0.053401,0.056111,0.052992,0.052947,0.053077,0.052784,0.052973,0.053845,0.050554,0.053121,0.05338,0.053411,0.053557
0.094625,0.094477,0.094202,0.094637,0.094786,0.095988,0.094531,0.094161,0.093934,0.094737,0.095739,0.095674,0.094523,0.09408,0.093924,0.094238,0.094332,0.096825,0.094757,0.094755,0.094589,0.094775,0.095404,0.097814,0.094867,0.095049,0.096165,0.096243,0.096311,0.097494,0.097514,0.092032,0.094387,0.095751,0.0974,0.098092
0.49968,0.52247,0.49808,0.4998,0.4939,0.49636,0.51678,0.52322,0.51413,0.50643,0.51398,0.51962,0.49733,0.51545,0.4834,0.49109,0.48471,0.48732,0.49974,0.5081,0.49529,0.49988,0.49666,0.49783,0.49727,0.49317,0.48391,0.49958,0.49246,0.49382,0.49891,0.50139,0.49005,0.49803,0.46095,0.49605
0.004697,0.0044402,0.0046928,0.0046799,0.0046967,0.004656,0.0046919,0.0046585,0.0046775,0.0046641,0.0046797,0.0046533,0.0043823,0.0046814,0.0044461,0.0046751,0.0046868,0.0046525,0.0046953,0.0046598,0.0044075,0.0046749,0.0046876,0.0046495,0.0046953,0.0046717,0.0046871,0.0046869,0.0046939,0.0046297,0.0049291,0.0046229,0.0046605,0.004669,0.0046428,0.0046209
0.21776,0.2189,0.22999,0.21806,0.21719,0.21963,0.21893,0.21951,0.21661,0.21859,0.21726,0.21952,0.21656,0.21744,0.21653,0.21705,0.22806,0.21731,0.2183,0.21892,0.21689,0.21834,0.21757,0.22011,0.21695,0.21668,0.2164,0.21791,0.21612,0.21711,0.21838,0.22031,0.21802,0.23191,0.21812,0.22034
0.020056,0.018995,0.018926,0.018972,0.018981,0.018567,0.019482,0.018579,0.019086,0.019014,0.019612,0.019716,0.01891,0.019234,0.018881,0.018948,0.019182,0.019113,0.018971,0.019319,0.018968,0.018972,0.018981,0.019181,0.019353,0.019614,0.019121,0.018984,0.019631,0.01969,0.019248,0.019796,0.0198,0.019287,0.020937,0.019839
-0.12335,-0.12652,-0.1262,-0.12411,-0.12334,-0.12502,-0.12435,-0.12776,-0.12768,-0.12676,-0.12032,-0.12721,-0.11753,-0.1276,-0.12744,-0.12528,-0.12741,-0.1257,-0.12506,-0.12664,-0.12603,-0.12508,-0.12485,-0.12547,-0.12333,-0.1262,-0.12685,-0.12377,-0.13,-0.1316,-0.12362,-0.12728,-0.12634,-0.1255,-0.12446,-0.12551
0.16708,0.16691,0.16685,0.16713,0.16685,0.16711,0.16707,0.1669,0.16663,0.16703,0.1667,0.16716,0.16627,0.16688,0.16527,0.16594,0.16538,0.1667,0.16709,0.167,0.16537,0.16714,0.16691,0.16715,0.16699,0.16675,0.17468,0.16689,0.16641,0.16666,0.16708,0.16711,0.1663,0.16715,0.16646,0.17557
0.052503,0.051036,0.052546,0.052503,0.05179,0.052487,0.054153,0.050957,0.049424,0.051413,0.051027,0.050322,0.052553,0.051086,0.052647,0.052635,0.05244,0.052547,0.052503,0.051557,0.052639,0.052503,0.054221,0.052171,0.051869,0.051301,0.051896,0.052082,0.05147,0.050511,0.051248,0.050606,0.051402,0.050841,0.050493,0.050238
-0.15573,-0.15599,-0.15613,-0.15683,-0.15553,-0.1556,-0.15657,-0.16789,-0.15816,-0.15904,-0.15492,-0.15519,-0.15619,-0.15907,-0.15663,-0.15717,-0.15479,-0.15513,-0.15603,-0.1583,-0.157,-0.15754,-0.15631,-0.15648,-0.14706,-0.15458,-0.15595,-0.15509,-0.1545,-0.15454,-0.15529,-0.15757,-0.15515,-0.15633,-0.15451,-0.15458
0.48343,0.45843,0.46737,0.45856,0.4583,0.45856,0.45844,0.45844,0.46244,0.45855,0.45828,0.45861,0.46798,0.46231,0.46848,0.46372,0.46786,0.46693,0.45857,0.45855,0.46805,0.4586,0.45846,0.45862,0.45826,0.45831,0.46329,0.43358,0.45825,0.4585,0.45846,0.45856,0.46437,0.45866,0.45831,0.45868
0.010868,0.010789,0.01089,0.010732,0.010755,0.010574,0.010696,0.010686,0.010711,0.010676,0.010684,0.010578,0.010889,0.010866,0.010904,0.010679,0.011322,0.010497,0.010766,0.010675,0.010669,0.011258,0.010679,0.010626,0.010683,0.010686,0.010889,0.010676,0.010682,0.010656,0.010561,0.010588,0.010556,0.010554,0.010624,0.01044
-1.2957,-1.3034,-1.3268,-1.2192,-1.2952,-1.2945,-1.3147,-1.3208,-1.328,-1.312,-1.3133,-1.3059,-1.3887,-1.3293,-1.3386,-1.2948,-1.3082,-1.3148,-1.2188,-1.315,-1.31,-1.2942,-1.2942,-1.2943,-1.2943,-1.3185,-1.3339,-1.2942,-1.2942,-1.2942,-1.2948,-1.3183,-1.2284,-1.2943,-1.2943,-1.2943
0.1298,0.13296,0.12939,0.12989,0.12967,0.13015,0.13154,0.1374,0.13206,0.13373,0.13266,0.13607,0.12961,0.133,0.12934,0.13023,0.12935,0.13049,0.12989,0.13137,0.13045,0.13054,0.13036,0.13098,0.12974,0.13593,0.12935,0.1304,0.12935,0.1298,0.13096,0.13434,0.13053,0.13067,0.12939,0.13099
-0.17661,-0.17267,-0.17662,-0.17542,-0.17745,-0.17943,-0.17634,-0.17232,-0.17522,-0.17488,-0.17564,-0.18019,-0.17664,-0.17499,-0.17673,-0.17543,-0.17704,-0.18193,-0.17579,-0.17324,-0.17561,-0.17531,-0.18777,-0.18143,-0.17745,-0.174,-0.17675,-0.17653,-0.17761,-0.17787,-0.17795,-0.18209,-0.17964,-0.17911,-0.18123,-0.18229
-0.049976,-0.04726,-0.047269,-0.047262,-0.045269,-0.047293,-0.047262,-0.047238,-0.047256,-0.047252,-0.046406,-0.047279,-0.047261,-0.047256,-0.047261,-0.047259,-0.045586,-0.047297,-0.044661,-0.047248,-0.049954,-0.047258,-0.046042,-0.047268,-0.04686,-0.046977,-0.046789,-0.045732,-0.045058,-0.045203,-0.04729,-0.047278,-0.047284,-0.047262,-0.04398,-0.047299
-0.12912,-0.12945,-0.12911,-0.12914,-0.13744,-0.12823,-0.12934,-0.12984,-0.12952,-0.12974,-0.13437,-0.12888,-0.12911,-0.1298,-0.1291,-0.12925,-0.1302,-0.12838,-0.13682,-0.12976,-0.12966,-0.13807,-0.13295,-0.12944,-0.1308,-0.1354,-0.13144,-0.13387,-0.13865,-0.13143,-0.12849,-0.12821,-0.12844,-0.12827,-0.13328,-0.128
0.080849,0.081067,0.080708,0.080913,0.076444,0.08086,0.080884,0.081069,0.080947,0.081011,0.080963,0.081082,0.080797,0.081052,0.080649,0.080689,0.085319,0.080725,0.080958,0.081017,0.080743,0.081001,0.080894,0.081142,0.080803,0.080921,0.080686,0.080923,0.080796,0.080817,0.076904,0.081119,0.080877,0.081066,0.080904,0.081189
-0.020929,-0.020969,-0.020891,-0.020962,-0.021178,-0.021309,-0.020969,-0.020994,-0.0209,-0.020982,-0.021283,-0.021357,-0.020907,-0.020887,-0.020824,-0.020851,-0.021203,-0.020936,-0.020929,-0.020982,-0.020874,-0.020966,-0.021174,-0.021207,-0.021197,-0.021141,-0.021083,-0.021114,-0.021314,-0.021378,-0.021185,-0.02138,-0.021154,-0.02123,-0.021405,-0.021427
-0.18264,-0.18295,-0.18263,-0.18308,-0.18197,-0.17188,-0.18325,-0.18362,-0.18274,-0.18309,-0.1808,-0.18138,-0.18262,-0.18287,-0.1825,-0.18285,-0.17941,-0.17301,-0.18282,-0.18362,-0.18285,-0.18308,-0.17931,-0.17271,-0.17923,-0.18301,-0.1795,-0.18091,-0.175,-0.15999,-0.1709,-0.17096,-0.17808,-0.17798,-0.17366,-0.17035
0.1217,0.12184,0.12522,0.12167,0.12131,0.11922,0.12212,0.12319,0.12501,0.12174,0.12188,0.12308,0.12217,0.1263,0.12646,0.12533,0.12313,0.12052,0.12165,0.12243,0.1258,0.12161,0.12081,0.12007,0.12045,0.12199,0.12318,0.12145,0.12021,0.11898,0.12638,0.12674,0.12206,0.12093,0.11919,0.11896
0.1314,0.13145,0.13142,0.13143,0.13316,0.13336,0.13237,0.1337,0.12604,0.14148,0.13369,0.13392,0.13145,0.13166,0.13155,0.13214,0.13225,0.13352,0.13166,0.1336,0.13226,0.13357,0.13361,0.13398,0.13358,0.13368,0.13229,0.13362,0.13364,0.13371,0.13198,0.13388,0.13365,0.13406,0.13369,0.13423
0.33538,0.33155,0.32912,0.32729,0.32303,0.31978,0.33412,0.31059,0.31789,0.32877,0.31594,0.31657,0.32151,0.31903,0.31905,0.31657,0.31911,0.318,0.32479,0.31112,0.31624,0.31521,0.31627,0.31581,0.32528,0.31088,0.31907,0.31555,0.31913,0.31903,0.33232,0.31279,0.31829,0.31709,0.31816,0.31774
-0.010911,-0.010918,-0.01092,-0.010907,-0.010885,-0.010911,-0.010918,-0.010375,-0.010929,-0.010905,-0.010895,-0.010914,-0.010921,-0.010922,-0.010933,-0.010343,-0.010927,-0.010925,-0.010907,-0.010908,-0.010923,-0.010901,-0.010896,-0.010903,-0.010883,-0.0109,-0.010285,-0.010892,-0.011571,-0.010889,-0.010911,-0.010915,-0.010925,-0.010909,-0.010882,-0.010912
-0.31509,-0.33248,-0.3151,-0.31509,-0.31513,-0.31517,-0.31509,-0.29555,-0.31517,-0.31511,-0.31514,-0.3152,-0.31515,-0.31522,-0.31524,-0.31509,-0.3152,-0.31522,-0.31509,-0.31513,-0.31523,-0.31508,-0.31513,-0.3151,-0.31517,-0.31517,-0.31519,-0.31509,-0.31518,-0.31519,-0.31514,-0.31521,-0.31523,-0.31518,-0.31519,-0.31522
-0.071205,-0.071247,-0.070903,-0.070378,-0.068758,-0.070096,-0.071379,-0.075167,-0.070873,-0.070109,-0.072755,-0.070223,-0.069972,-0.068767,-0.068596,-0.068751,-0.06831,-0.068221,-0.070862,-0.070475,-0.068861,-0.070018,-0.068643,-0.068503,-0.069531,-0.068654,-0.068587,-0.068554,-0.06819,-0.068103,-0.070798,-0.071394,-0.068155,-0.06997,-0.067844,-0.06761
0.12601,0.12598,0.12656,0.12588,0.12674,0.11971,0.12594,0.12588,0.12696,0.12584,0.12668,0.11895,0.12657,0.12597,0.12717,0.1264,0.12722,0.13444,0.12588,0.12582,0.12669,0.12578,0.12586,0.12676,0.12632,0.12682,0.1273,0.12727,0.13462,0.12743,0.12664,0.12694,0.12717,0.12624,0.1274,0.12716
0.052691,0.052059,0.052797,0.052605,0.055266,0.049961,0.049188,0.052429,0.050199,0.051805,0.050809,0.049404,0.05285,0.051313,0.052944,0.052794,0.052701,0.052863,0.052669,0.05068,0.05539,0.052572,0.050997,0.049659,0.052069,0.050351,0.051491,0.051377,0.050851,0.050006,0.050519,0.049511,0.0509,0.051663,0.049418,0.049385
0.11621,0.11502,0.11623,0.11543,0.11013,0.11577,0.11548,0.11438,0.11552,0.11486,0.11524,0.11469,0.11624,0.11507,0.11627,0.11609,0.11608,0.11625,0.11575,0.11461,0.11573,0.11541,0.11601,0.12168,0.11616,0.11509,0.10911,0.11549,0.11605,0.11554,0.11584,0.11525,0.11605,0.11549,0.10997,0.11553
-0.1991,-0.19414,-0.19972,-0.19902,-0.19477,-0.17832,-0.19845,-0.19133,-0.19543,-0.19509,-0.19084,-0.18308,-0.1997,-0.19821,-0.20287,-0.19936,-0.19545,-0.17628,-0.19901,-0.19716,-0.20244,-0.19897,-0.19878,-0.18206,-0.18783,-0.19048,-0.20013,-0.19801,-0.19039,-0.18203,-0.18386,-0.18252,-0.19029,-0.17791,-0.18702,-0.17757
0.098633,0.098663,0.098639,0.098828,0.09071,0.10104,0.099602,0.099609,0.098892,0.099461,0.098164,0.1004,0.098638,0.098935,0.098735,0.098805,0.095777,0.10116,0.098692,0.099479,0.098752,0.09886,0.09649,0.10042,0.095435,0.09657,0.095923,0.095239,0.095042,0.10505,0.10052,0.10112,0.099672,0.099377,0.09636,0.10129
-0.013824,-0.013861,-0.013017,-0.014536,-0.013827,-0.013841,-0.01385,-0.013865,-0.01384,-0.013839,-0.013864,-0.01388,-0.013822,-0.013837,-0.01382,-0.013824,-0.013827,-0.013883,-0.013825,-0.013858,-0.01383,-0.013831,-0.013838,-0.013851,-0.013826,-0.013864,-0.013854,-0.013843,-0.013863,-0.013871,-0.013844,-0.013876,-0.014576,-0.013877,-0.013875,-0.013884
0.10846,0.10847,0.10845,0.10853,0.10882,0.10777,0.10848,0.10848,0.10844,0.10849,0.10869,0.10826,0.10845,0.10842,0.10842,0.10844,0.10851,0.10798,0.10847,0.10849,0.10849,0.10854,0.1086,0.1083,0.11487,0.10856,0.10859,0.10863,0.10884,0.10869,0.10831,0.1144,0.10814,0.10826,0.10871,0.10772
0.66631,0.65252,0.64441,0.69972,0.6771,0.66365,0.63581,0.63148,0.63124,0.63724,0.63162,0.63382,0.65738,0.63142,0.63078,0.64281,0.63674,0.6474,0.66344,0.6255,0.65784,0.66226,0.63889,0.64816,0.65178,0.63187,0.63764,0.64973,0.63773,0.64727,0.65906,0.63737,0.64455,0.68408,0.6463,0.64769
0.025674,0.02558,0.025727,0.025634,0.02573,0.025653,0.025534,0.025497,0.02574,0.025544,0.025558,0.025501,0.025703,0.025738,0.0258,0.025729,0.02581,0.025759,0.025565,0.02552,0.025794,0.025554,0.025704,0.025509,0.025783,0.025568,0.025809,0.025561,0.025911,0.025909,0.025658,0.025502,0.025773,0.025504,0.025801,0.025502
-17.168,-17.158,-17.133,-17.168,-17.157,-17.143,-17.154,-17.153,-17.152,-17.156,-17.125,-17.134,-17.166,-17.127,-17.111,-17.126,-16.228,-17.089,-17.168,-17.165,-17.153,-17.168,-17.154,-17.102,-17.162,-17.145,-17.112,-17.13,-17.118,-17.095,-17.101,-17.117,-17.087,-17.151,-16.204,-17.08
11.355,11.31,11.113,11.384,11.321,11.806,11.33,11.297,11.282,11.305,11.278,11.766,11.229,11.234,11.06,10.683,11.224,11.591,11.38,11.302,11.222,11.393,11.293,11.636,11.3,11.27,11.145,10.652,11.265,11.479,11.381,11.736,11.742,11.468,10.7,11.849
-0.058986,-0.058986,-0.058428,-0.058988,-0.058985,-0.05896,-0.058986,-0.058986,-0.057567,-0.058987,-0.058981,-0.058961,-0.057665,-0.057334,-0.055879,-0.056986,-0.057478,-0.056952,-0.058987,-0.062121,-0.058164,-0.058989,-0.058989,-0.058966,-0.058985,-0.058985,-0.058893,-0.058984,-0.062473,-0.05897,-0.058985,-0.058958,-0.057188,-0.058959,-0.058972,-0.058958
0.088239,0.086942,0.086393,0.087561,0.083179,0.086391,0.083483,0.08309,0.084124,0.083041,0.077577,0.082389,0.086557,0.084298,0.084305,0.083854,0.083557,0.082929,0.082263,0.082073,0.08413,0.081891,0.081581,0.081947,0.083945,0.07871,0.082419,0.077335,0.076009,0.078415,0.082648,0.082379,0.083419,0.082012,0.079092,0.082027
0.3337,0.34225,0.331,0.3381,0.33947,0.34405,0.34252,0.34815,0.33346,0.35279,0.34841,0.35021,0.33083,0.36289,0.3308,0.3491,0.33875,0.34945,0.35123,0.35009,0.34426,0.35337,0.35152,0.35275,0.33434,0.36763,0.33374,0.35064,0.349,0.34989,0.36403,0.34891,0.34045,0.37147,0.33042,0.35105
2.3419,2.2982,2.214,2.2337,2.2333,2.323,2.2956,2.2233,2.2123,2.2212,2.2214,2.1079,2.2991,2.2135,2.2119,2.0968,2.2144,2.2169,2.3356,2.2207,2.0989,2.2199,2.2166,2.2199,2.3352,2.2214,2.2141,2.2162,2.2152,2.2181,2.3067,2.2207,2.2131,2.2198,2.2176,2.2192
0.1808,0.18305,0.18123,0.18084,0.18105,0.18184,0.18169,0.1833,0.18143,0.18214,0.18221,0.19288,0.18118,0.18149,0.18128,0.18163,0.18136,0.18139,0.18177,0.1833,0.1813,0.18213,0.18197,0.19309,0.18124,0.18321,0.18143,0.19181,0.18156,0.1817,0.18124,0.18295,0.18154,0.18198,0.18169,0.18196
0.12131,0.12132,0.12234,0.1213,0.12133,0.12154,0.12132,0.12132,0.12139,0.12131,0.12138,0.1216,0.12238,0.12195,0.12252,0.1224,0.12214,0.11598,0.1213,0.1213,0.12876,0.12129,0.12129,0.12166,0.12139,0.12139,0.12161,0.12136,0.12141,0.12171,0.1216,0.12141,0.1218,0.12159,0.12168,0.12175
-0.096033,-0.096073,-0.095245,-0.096098,-0.093111,-0.092716,-0.096072,-0.096151,-0.094578,-0.096254,-0.09614,-0.09326,-0.094885,-0.095358,-0.094011,-0.094804,-0.09737,-0.09272,-0.096332,-0.096238,-0.094161,-0.09638,-0.093658,-0.094728,-0.095733,-0.09309,-0.092704,-0.095239,-0.092237,-0.092,-0.095815,-0.095719,-0.092526,-0.093904,-0.092039,-0.08726
-0.0060636,-0.0060823,-0.0060486,-0.0060854,-0.0060609,-0.0056826,-0.0060847,-0.0060954,-0.0060746,-0.0060961,-0.0060942,-0.0064029,-0.0060512,-0.0060878,-0.0060431,-0.0060935,-0.0060492,-0.006041,-0.0060902,-0.006097,-0.006072,-0.0060983,-0.0060898,-0.0060701,-0.0060608,-0.0060877,-0.0063666,-0.0060723,-0.0060607,-0.0060411,-0.0060478,-0.0060693,-0.0060422,-0.0060569,-0.0060511,-0.0060407
-0.012977,-0.012942,-0.01329,-0.012948,-0.012819,-0.012974,-0.012785,-0.012605,-0.0136,-0.012629,-0.012514,-0.012586,-0.013012,-0.012606,-0.01363,-0.013436,-0.013192,-0.012703,-0.012903,-0.012643,-0.013306,-0.012671,-0.012646,-0.012634,-0.012618,-0.012573,-0.013319,-0.012518,-0.012511,-0.012567,-0.012645,-0.012577,-0.013236,-0.012623,-0.012532,-0.012573
-6.6207,-6.6207,-6.6209,-6.6205,-6.6092,-6.9827,-6.6208,-6.6208,-6.621,-6.6207,-6.6139,-6.6194,-6.621,-6.6211,-6.6213,-6.6207,-6.612,-6.6179,-6.6206,-6.6206,-6.6208,-6.6205,-6.6035,-6.6152,-6.6083,-6.6181,-6.6159,-6.6135,-6.6029,-6.612,-6.6194,-6.614,-6.6201,-6.6153,-6.6039,-6.6137
-0.37283,-0.37313,-0.37247,-0.37313,-0.3743,-0.37325,-0.37398,-0.37442,-0.3733,-0.37387,-0.37453,-0.37433,-0.37223,-0.37421,-0.35104,-0.37319,-0.37356,-0.37338,-0.37315,-0.37392,-0.37363,-0.37367,-0.3543,-0.37374,-0.37372,-0.3745,-0.37436,-0.37379,-0.37481,-0.37445,-0.37284,-0.37433,-0.37298,-0.37399,-0.37432,-0.37432
3625.1,3723,2859.7,2931.1,3532.3,3532.7,3091.4,24852,3431,2985.7,2860.9,2430.4,3069.9,2924.2,2865.7,3327.6,2723.9,2876.7,15209,3474.3,3330.7,6468,5385.6,3006.6,2873.7,3722.9,3271.9,3067.4,2984.6,2922.2,2871.3,3325.3,2922.7,2464.7,2822.3,3023.9
